0.00964209
0.0545549
0.904489
0.740665
0.353594
0.850116
0.897359
0.908746
0.292784
0.820403
0.515762
0.419594
0.116062
0.656921
0.866602
0.976994
0.337663
0.109092
0.514088
0.26902
0.424564
0.643653
0.880945
0.0386917
0.292074
0.895654
0.25496
0.116125
0.717918
0.0499266
0.115685
0.309759
0.115081
0.162401
0.480565
0.860625
0.524136
0.15083
0.00311564
0.364578
0.454045
0.134566
0.647189
0.299844
0.472638
0.622707
0.834608
0.258319
0.570497
0.34773
0.297312
0.928565
0.390526
0.568211
0.92939
0.262437
0.773
0.802869
0.821874
0.230223
0.366007
0.485389
0.936676
0.719883
0.0786527
0.915889
0.343419
0.836239
0.663056
0.973859
0.651579
0.0827207
0.286722
0.935507
0.0706172
0.86255
0.885476
0.197686
0.504771
0.694153
0.623173
0.669305
0.00260762
0.826196
0.884162
0.117236
0.390172
0.614716
0.52861
0.343769
0.717395
0.260061
0.842057
0.459683
0.893106
0.438631
0.0789103
0.24499
0.550124
0.929995
0.432256
0.920967
0.688974
0.578427
0.626408
0.0356561
0.271316
0.00598152
0.531419
0.56315
0.861883
0.66323
0.900287
0.129753
0.752717
0.912317
0.320003
0.292003
0.701248
0.878515
0.209736
0.0400161
0.550683
0.336462
0.910525
0.186775
0.13265
0.452503
0.218648
0.808784
0.22466
0.860492
0.288432
0.671673
0.814041
0.587351
0.603834
0.638608
0.0929247
0.785443
0.935798
0.954506
0.388447
0.63227
0.554071
0.263069
0.398924
0.710058
0.94648
0.486228
0.0374928
0.141889
0.734955
0.395866
0.312632
0.406143
0.0392788
0.159216
0.951205
0.900655
0.313899
0.70365
0.245105
0.47235
0.794588
0.646981
0.81617
0.372407
0.0399261
0.0385663
0.18351
0.247864
0.857621
0.0362278
0.879914
0.710695
0.657758
0.944518
0.51944
0.227343
0.960602
0.84142
0.747763
0.648718
0.997124
0.671387
0.00481537
0.931952
0.321985
0.610055
0.190402
0.091669
0.681607
0.764076
0.825208
0.272788
0.740486
0.3461
0.903533
0.678098
0.801157
0.0458635
0.827928
0.991275
0.357186
0.228567
0.52182
0.235219
0.320245
0.360385
0.989627
0.657998
0.978996
0.986121
0.729046
0.0736673
0.126975
0.0726505
0.0368144
0.740184
0.276068
0.882877
0.507277
0.80124
0.442949
0.638471
0.782033
0.622748
0.524745
0.392002
0.381097
0.0950109
0.848266
0.801722
0.547584
0.252608
0.5854
0.822601
0.457877
0.533822
0.941807
0.955774
0.691159
0.310724
0.344059
0.602826
0.698894
0.311359
0.00600812
0.978454
0.870067
0.223471
0.884811
0.0257941
0.521502
0.877161
0.44592
0.571904
0.995277
0.617841
0.0538939
0.794746
0.29897
0.790283
0.285342
0.738251
0.776741
0.693287
0.077858
0.558617
0.668954
0.102683
0.801575
0.076878
0.0882886
0.86622
0.559183
0.194529
0.454549
0.609115
0.39488
0.740099
0.851427
0.927774
0.102267
0.793977
0.377564
0.718312
0.666073
0.689444
0.48828
0.528075
0.359371
0.940508
0.109693
0.607169
0.688975
0.610578
0.983641
0.0580906
0.328663
0.83108
0.961512
0.126045
0.444064
0.386265
0.949568
0.391382
0.960302
0.793263
0.37524
0.654954
0.812839
0.387421
0.388955
0.158629
0.0819263
0.93528
0.256702
0.393814
0.823959
0.283874
0.0696442
0.510236
0.541049
0.411316
0.983362
0.363091
0.467289
0.725429
0.293317
0.77402
0.954545
0.0413542
0.0407103
0.218133
0.160943
0.967265
0.829979
0.451953
0.968787
0.401654
0.600749
0.789139
0.0614779
0.258619
0.617668
0.146492
0.084935
0.503002
0.949989
0.470341
0.0211519
0.500106
0.274723
0.271909
0.972174
0.329224
0.268312
0.514826
0.672329
0.826494
0.882817
0.51325
0.186784
0.273259
0.660404
0.405363
0.934376
0.0522738
0.565219
0.632054
0.93666
0.445115
0.0499887
0.16038
0.499855
0.0669618
0.427062
0.635834
0.462916
0.225624
0.0694818
0.781338
0.945108
0.438064
0.538464
0.971327
0.0944358
0.182441
0.292702
0.442657
0.735094
0.727051
0.552803
0.967589
0.261393
0.229966
0.0362955
0.0187288
0.774239
0.638394
0.483591
0.714486
0.370493
0.875904
0.322416
0.845737
0.295459
0.774466
0.442103
0.427052
0.467998
0.63505
0.291575
0.494407
0.490193
0.665675
0.00394042
0.226643
0.184296
0.457852
0.122452
0.0525902
0.882931
0.42909
0.716542
0.914897
0.678754
0.818681
0.577817
0.368933
0.664462
0.617133
0.152467
0.516552
0.696278
0.345923
0.933066
0.036791
0.345798
0.823851
0.471365
0.233302
0.112075
0.63958
0.419584
0.949
0.851304
0.868915
0.850969
0.239501
0.298448
0.0074531
0.264178
0.0449119
0.834031
0.551391
0.225006
0.677519
0.0648015
0.118297
0.217115
0.0460977
0.764616
0.893293
0.583243
0.567556
0.914535
0.584869
0.893058
0.629346
0.413941
0.114646
0.853308
0.551049
0.478017
0.032815
0.520994
0.337958
0.0645615
0.0845863
0.641137
0.593632
0.166732
0.267263
0.887345
0.613014
0.9215
0.65847
0.907382
0.36927
0.323726
0.85477
0.127742
0.964731
0.236686
0.97863
0.838539
0.322659
0.924144
0.0837439
0.483055
0.709622
0.622274
0.557235
0.45145
0.52055
0.884007
0.502125
0.222132
0.372284
0.97299
0.0402638
0.713866
0.942067
0.324813
0.135212
0.516262
0.823017
0.448335
0.165364
0.275307
0.0927266
0.455557
0.553095
0.86454
0.323866
0.211862
0.758
0.707924
0.0761007
0.0251626
0.907998
0.720442
0.465318
0.603546
0.798821
0.782472
0.000376669
0.330672
0.601402
0.756356
0.0685295
0.775223
0.174737
0.807575
0.911733
0.50302
0.262136
0.723473
0.411233
0.597367
0.941594
0.367814
0.84991
0.432281
0.342292
0.894265
0.91146
0.907134
0.195295
0.32751
0.462162
0.560501
0.333935
0.443307
0.655681
0.031946
0.915963
0.593939
0.338624
0.252215
0.984977
0.50825
0.156834
0.901701
0.891518
0.735709
0.063619
0.244891
0.890292
0.132823
0.362645
0.966684
0.0662387
0.273666
0.498553
0.180027
0.715811
0.628139
0.137564
0.0386524
0.63059
0.321813
0.711676
0.143645
0.244382
0.33582
0.121241
0.691344
0.411172
0.564967
0.397347
0.207209
0.563195
0.622715
0.977768
0.347539
0.0842199
0.484289
0.446503
0.381726
0.668068
0.217688
0.687801
0.874173
0.225799
0.997945
0.459345
0.203751
0.438191
0.673584
0.926832
0.257132
0.624369
0.77178
0.30895
0.521523
0.230584
0.429362
0.282101
0.272794
0.845015
0.164798
0.754459
0.189685
0.0330028
0.677713
0.315547
0.390871
0.373397
0.689087
0.479758
0.285107
0.786928
0.899059
0.487203
0.418225
0.100025
0.120528
0.714745
0.712524
0.383043
0.80601
0.608879
0.436372
0.110728
0.000601579
0.110738
0.169205
0.829306
0.152491
0.919556
0.9716
0.677761
0.131125
0.812237
0.272676
0.872402
0.459925
0.959289
0.764892
0.533595
0.127031
0.0178724
0.38164
0.224565
0.256509
0.144908
0.462765
0.694608
0.274975
0.507023
0.54159
0.502567
0.64567
0.778867
0.425633
0.606947
0.963671
0.412678
0.873919
0.954143
0.278604
0.501096
0.928446
0.399631
0.591066
0.0425845
0.717305
0.741996
0.720379
0.40623
0.515457
0.290661
0.142028
0.0712675
0.793296
0.926435
0.598293
0.511968
0.640296
0.455789
0.439443
0.715506
0.503112
0.800887
0.499533
0.658361
0.0817014
0.154839
0.375093
0.183387
0.179363
0.551769
0.577255
0.928602
0.0221843
0.851558
0.127782
0.637564
0.540335
0.411222
0.408274
0.857096
0.212497
0.442278
0.360861
0.986321
0.102962
0.487958
0.115147
0.273621
0.741876
0.712054
0.494431
0.897899
0.995208
0.453966
0.806345
0.237635
0.939712
0.740478
0.206047
0.0348152
0.139288
0.0112687
0.393667
0.363513
0.565595
0.947707
0.117046
0.196825
0.0402793
0.974202
0.41505
0.746007
0.133163
0.0630745
0.0930874
0.520101
0.34355
0.0525256
0.796952
0.377146
0.688941
0.0286326
0.228333
0.589696
0.0197306
0.611499
0.458792
0.910305
0.49712
0.0893747
0.120342
0.586107
0.692503
0.90186
0.562407
0.37358
0.760921
0.798496
0.32725
0.0844043
0.583359
0.516745
0.926808
0.856391
0.36346
0.678037
0.773304
0.925087
0.936485
0.507401
0.894324
0.908993
0.450519
0.875708
0.0294711
0.321393
0.657762
0.00371698
0.471277
0.749751
0.0720415
0.801058
0.386345
0.292268
0.145843
0.188359
0.756041
0.7808
0.899461
0.246431
0.765834
0.36778
0.275274
0.533266
0.608306
0.804295
0.792642
0.929854
0.0614762
0.231125
0.525418
0.708611
0.629606
0.790995
0.253386
0.666096
0.0831575
0.628255
0.0891631
0.564564
0.628234
0.727374
0.967227
0.177056
0.780444
0.925061
0.508218
0.6281
0.471822
0.908239
0.775503
0.876382
0.344538
0.656974
0.76276
0.711426
0.938748
0.542358
0.419121
0.164213
0.923482
0.970253
0.0347522
0.0803175
0.896231
0.956488
0.700535
0.889629
0.996761
0.559361
0.174599
0.492738
0.454001
0.39895
0.147403
0.409623
0.541248
0.757449
0.438497
0.824493
0.25899
0.842731
0.776981
0.716957
0.890853
0.570791
0.280503
0.408241
0.311308
0.16177
0.865708
0.947868
0.824
0.960816
0.430624
0.503528
0.799782
0.928811
0.533297
0.123266
0.727683
0.175433
0.497353
0.0135241
0.298824
0.334094
0.123619
0.665049
0.476832
0.115582
0.582557
0.040629
0.851046
0.534734
0.276232
0.627021
0.338829
0.691654
0.633622
0.28403
0.698709
0.21016
0.157488
0.908989
0.372029
0.683232
0.0740115
0.911351
0.0733762
0.233867
0.595247
0.319702
0.23152
0.156709
0.807999
0.0339877
0.230922
0.103464
0.915385
0.873816
0.220422
0.633167
0.63982
0.452645
0.607342
0.588622
0.966457
0.238815
0.770706
0.264027
0.499667
0.903825
0.58848
0.582459
0.38165
0.391493
0.825991
0.428875
0.104555
0.252623
0.832064
0.499068
0.838371
0.496917
0.679598
0.999906
0.419066
0.235277
0.30881
0.161465
0.747513
0.44368
0.927428
0.285341
0.727599
0.753812
0.315837
0.271779
0.783389
0.419107
0.926964
0.486982
0.71326
0.768836
0.82637
0.805636
0.33199
0.762651
0.86708
0.00668447
0.34595
0.377283
0.990097
0.558311
