1
1
2.32831e-10
0.880126
0.363502
0.844969
0.270909
0.627467
0.136795
0.621022
0.349668
0.354348
0.581878
0.111273
0.176151
1.48768
0.890517
0.550324
0.556266
1.37284
0.00445371
-0.43354
-0.355816
0.73976
1.43166
0.189943
0.0164909
0.0719875
0.011385
0.225594
0.664573
-0.434302
0.188521
0.0285665
0.645158
0.0410104
0.778643
0.143276
-0.43482
0.103002
0.269483
0.984053
0.589596
0.655074
0.692388
1.16097
0.530879
0.143745
0.785566
1.04457
0.196739
1.41006
0.667243
0.0470981
0.80802
1.45848
0.92149
0.429265
0.107884
-0.215051
0.363515
0.894553
0.550963
0.906826
0.769592
0.334179
-0.364267
-0.484297
0.775643
0.575584
0.454294
0.290165
0.677716
0.0143236
0.328132
0.798562
0.879001
0.88663
1.48081
1.49205
0.986385
0.980175
0.936024
0.636236
-0.408333
0.896313
0.347174
0.0318599
0.329287
0.00126671
0.701749
0.730557
0.847101
0.527221
-0.417192
0.461119
0.243944
0.586633
0.587256
0.808443
0.687891
0.0102618
0.143139
0.814462
0.974854
0.582056
0.647074
0.632139
0.277081
0.887857
0.428141
0.268546
1.43639
0.157734
0.458846
-0.186857
0.739557
0.207662
0.586804
0.925723
0.397516
0.878237
-0.258741
1.30405
0.156621
1.26047
-0.487053
0.193681
1.35078
0.610295
0.679613
1.28191
0.613748
0.928277
0.660338
0.874236
0.937174
0.630741
0.756791
0.473377
0.550631
0.740302
0.759743
0.849383
-0.420988
0.0357524
0.340774
1.27139
0.696645
0.603264
0.347923
0.939487
0.125065
0.156098
0.376768
1.29892
0.0810184
1.18888
0.662745
0.147266
0.9684
0.807994
1.17196
-0.429467
1.15969
0.646123
-0.37429
0.0817952
0.756729
0.145499
0.470433
0.148428
0.89499
0.198165
0.99275
0.725677
0.279131
0.828576
0.560408
-0.165797
0.0728876
0.0103083
-0.475792
0.970927
0.667507
0.238767
0.884149
0.775337
-0.465113
0.848985
0.668329
-0.239663
0.672419
1.43023
0.118868
0.173877
0.785726
0.267179
0.522994
0.585678
0.174623
0.661488
0.201167
0.34782
0.81496
0.807786
0.225105
0.0905811
0.848126
0.0242253
0.034365
0.182144
0.752876
0.229983
0.758455
0.135871
0.39007
0.206033
0.833833
0.770697
0.334939
0.731204
0.187327
0.380243
0.812356
0.784423
0.149588
0.538987
-0.435167
1.43595
0.950192
0.72658
0.615819
0.237876
-0.439852
0.954694
0.499939
1.3498
0.300415
0.766616
0.488063
0.660027
0.0325613
0.159696
0.816042
0.375981
-0.414019
0.410471
0.135884
0.94902
0.601689
0.975785
-0.247952
1.48823
0.131182
0.510535
0.0745736
0.0588149
0.269151
0.972815
0.334213
1.22225
0.579692
-0.143606
0.105046
0.941435
-0.337019
0.728346
1.47205
0.699576
0.0392572
0.0772761
0.526076
0.794042
0.774075
0.739528
0.774208
1.12269
0.0773742
1.44978
-0.466717
0.213329
0.148266
-0.43898
1.36915
0.744651
0.388994
0.338835
0.119089
0.400872
0.961408
0.552393
0.84289
0.676673
0.0623952
0.829882
0.369245
0.954466
0.931258
0.394985
0.651093
0.0104072
0.636386
0.831258
0.260734
1.17879
0.16008
0.311544
0.477607
0.732003
0.900962
0.0790607
0.340728
0.896644
0.824076
0.976937
1.494
0.0413261
0.797182
0.25584
0.607166
0.641517
0.811406
0.0449187
1.21545
-0.458824
0.602065
0.928867
0.0954653
0.285021
0.954759
1.32447
-0.3568
0.783324
0.841067
-0.481877
0.371524
0.929559
1.42652
0.455837
-0.477029
0.573608
0.761656
0.769229
0.337078
-0.373258
0.695301
1.28864
1.30457
0.754003
0.734747
0.143698
0.0462477
1.25738
0.870951
0.856149
0.852549
0.412223
1.26184
0.34086
0.96062
0.848836
0.297215
0.645913
0.929052
0.800542
0.0489769
0.325348
0.576741
-0.433725
0.811257
0.819009
0.780232
0.873786
0.521684
0.300422
0.961556
0.634919
0.652482
0.907303
1.47318
-0.359045
0.262462
0.956693
0.995943
0.64262
0.839863
0.701258
0.686134
0.566238
0.551985
0.150548
0.188344
0.424416
0.883999
0.651676
0.631031
0.23675
0.348726
0.545236
0.469705
0.835073
0.943101
0.141873
0.897181
1.27206
0.0844712
0.294099
-0.334787
1.37713
1.40355
0.198731
0.55384
0.688446
0.85848
1.4552
0.240998
0.483541
-0.448783
-0.365165
1.1338
0.737121
0.268912
0.256957
1.3297
0.857808
0.733351
1.40551
0.245238
0.169451
0.161372
0.752156
0.984831
0.144118
0.152194
0.767336
0.998666
1.4947
0.620633
1.29418
0.50148
0.389302
0.208277
0.133838
0.738136
0.518598
1.21661
0.726738
0.693418
0.104683
1.35111
0.762576
0.423489
0.521157
0.0871479
0.724489
0.681128
-0.259846
-0.16806
1.20448
0.166208
0.566753
1.48176
0.670032
-0.229082
0.891857
0.257671
1.11557
0.115585
0.974492
0.5613
0.565706
0.207675
0.957982
0.623833
1.42478
0.391651
0.95193
0.115191
1.45568
0.816722
0.169432
1.34502
0.0468995
0.225336
0.742243
-0.347666
-0.485085
0.431913
0.50216
0.321697
0.674076
1.48726
0.457072
0.455668
0.163051
0.69691
0.519911
0.590995
0.379543
0.269514
0.0920996
0.460572
0.285798
0.166828
-0.336753
0.539451
0.417493
0.91197
0.206584
0.673341
0.420976
-0.284422
0.290346
0.069519
-0.464373
0.236669
0.408305
0.892418
0.335003
0.800297
0.144397
1.1456
1.09561
0.560842
0.328889
0.813868
0.825533
0.428423
0.684724
0.816373
0.864367
0.913689
0.844733
1.29883
0.0707128
0.235169
0.945066
0.607696
0.847411
0.340701
0.425935
0.178546
0.0275801
0.088475
0.164543
0.780512
0.898075
0.244624
0.169236
0.0999055
0.797101
-0.31362
1.49319
-0.477674
0.0185145
0.311218
-0.421036
0.599736
0.0104137
0.952557
0.719572
0.716897
0.114627
0.519814
0.935457
0.572569
0.00328099
0.874804
0.655865
1.34673
0.591955
0.0482351
1.4388
0.136959
0.245045
0.126161
0.826222
0.152669
0.600504
-0.321766
0.75403
0.447676
1.47066
0.425193
0.988102
0.971176
0.970418
0.257815
0.170157
0.521649
0.835334
0.25994
0.518545
0.89897
0.74897
0.764638
0.467852
0.527172
-0.427553
0.414221
0.750908
0.707705
0.11086
1.49689
1.49181
0.240269
0.687176
0.169908
0.034285
0.272778
0.821218
1.27489
0.475584
0.356146
0.325087
0.641865
1.18245
-0.462946
0.324786
0.144732
0.0687782
1.23283
0.93417
0.238942
0.832864
-0.301716
0.148234
0.975782
0.900894
0.0671574
0.640083
-0.2623
0.49095
1.14194
0.553503
0.172944
0.422972
1.37197
0.53847
0.536075
1.11388
0.754064
0.278384
0.182484
0.688751
0.869129
0.0980187
0.279583
1.42578
1.44405
0.58857
0.836979
0.0744732
0.62658
0.0725895
0.760296
0.0595488
0.700436
-0.366907
0.991857
0.0804658
0.639677
0.830179
0.647055
1.3771
0.991271
0.718076
0.53091
0.235764
0.73942
0.0457512
0.369924
1.12634
0.893451
0.798571
-0.348772
0.733728
0.725907
0.648247
0.365644
0.527117
0.946887
0.92274
-0.356083
0.277721
-0.491412
0.573393
1.35453
1.49843
1.33314
0.137684
0.793491
0.754152
0.900505
0.332159
0.732292
0.0860783
0.945393
0.343992
0.98451
0.864754
0.833007
0.243422
0.0336384
0.139535
0.0662792
0.932974
0.731473
0.124114
-0.347112
-0.445878
0.04513
0.37461
0.582686
0.869965
0.351533
0.811372
0.635502
-0.253826
1.44185
0.871827
0.0762549
0.494231
0.00728596
0.959951
0.448171
0.307115
0.778991
0.587751
0.350562
0.375397
0.680885
1.44448
0.825429
0.0742833
1.11174
1.40609
0.0310176
0.135864
0.187903
0.862523
0.695697
0.781637
0.221894
0.619191
-0.336364
0.994657
0.166633
0.66784
0.827163
0.156645
-0.254341
0.867013
0.0668891
0.0155639
1.20665
0.175719
0.514745
0.676829
0.42343
0.214816
0.180539
0.938508
0.640685
0.153295
0.0981025
0.947018
1.13417
0.758142
0.81963
0.803871
0.182476
0.00431075
0.0430137
0.603121
0.666834
0.588783
1.18333
1.45005
0.772021
0.816918
1.41497
0.630665
1.18678
0.624821
0.969161
0.100408
0.269041
0.878013
1.23285
0.172302
0.828342
0.870981
0.280542
0.365138
-0.404659
0.901117
0.535989
0.322681
1.23688
0.76946
0.983318
0.153354
0.11287
0.17014
0.81663
0.365551
0.88599
1.12404
1.27217
0.782278
-0.436863
1.45096
0.0798964
0.223941
0.860381
0.0805123
0.275193
0.22602
0.509197
0.713962
-0.44995
0.069334
0.943029
0.50459
0.337186
0.053496
0.720258
0.368107
0.337201
0.876914
0.727794
1.49002
0.138947
0.820064
0.161506
1.3926
0.651204
0.806339
0.658168
1.36798
0.0525853
0.780213
1.33126
0.731409
0.631054
0.120861
0.804213
0.365873
0.207682
1.40128
0.708536
0.0807881
0.0538666
0.120701
0.288685
0.709637
1.39954
0.0782947
0.685258
0.21463
0.292461
0.308749
0.87848
0.0296668
0.251562
0.0775745
0.397766
0.955428
0.461021
0.465205
1.43363
0.0194841
0.891769
0.188387
0.89182
0.532773
-0.31812
0.305359
0.171189
0.569213
0.839046
-0.39217
0.0856133
0.579836
0.117534
1.34344
0.492008
0.647632
0.82322
0.169049
0.189559
1.27397
1.16901
0.82009
0.880273
0.607959
0.789835
0.508766
0.926314
1.29265
0.0503191
0.858373
0.628455
0.648573
0.219363
0.120085
0.156746
0.942305
0.888552
1.49169
0.682273
0.322283
0.414205
1.43788
0.699286
1.21864
0.0691099
0.789344
0.562859
1.19041
0.774516
0.765476
0.755373
0.987631
0.404664
0.0600032
0.781237
0.112112
0.468031
0.970145
0.115458
0.68127
0.73852
0.526427
0.178841
0.0520297
0.0537469
0.519264
-0.482829
1.22026
0.54069
-0.458118
0.228516
1.04851
0.119714
0.346662
0.136988
1.49667
0.665249
0.334983
0.805815
0.590781
-0.488786
0.0623766
0.313278
0.83057
0.776433
1.3352
1.27218
0.730584
0.913966
0.0126871
1.48577
0.486917
0.613068
0.115863
0.226475
0.644517
1.46713
1.35253
0.0834686
0.112212
1.3449
0.73072
0.926485
-0.292175
0.076531
0.885879
0.847867
0.816925
-0.485591
0.959731
0.269547
0.286339
0.542943
0.56066
1.42426
0.297319
0.55294
0.743085
0.950879
0.0433776
0.42669
0.816162
0.823506
0.61145
1.46963
0.0874574
