749.307
713.891
754.353
803.678
722.496
723.475
804.849
783.594
791.566
732.575
865.291
724.417
717.448
819.468
742.322
715.732
762.631
735.734
742.976
714.552
753.851
731.418
742.139
828.177
753.956
784.201
734.909
827.005
756.706
725.42
713.828
716.57
818.943
730.769
874.717
723.1
871.849
766.162
916.071
788.347
774.474
724.933
767.284
752.658
781.585
864.212
731.103
821.186
744.192
760.953
730.371
773.598
717.933
731.451
715.211
783.304
828.657
730.388
853.388
714.626
737.245
724.316
884.306
725.219
756.325
781.318
755.683
935.223
723.163
715.023
761.857
724.594
776.436
722.533
739.679
901.914
733.068
973.942
757.028
745.713
785.193
733.571
847.443
745.537
748.86
740.565
805.58
716.661
946.322
804.544
731.853
718.881
811.208
865.832
768.218
792.707
738.064
722.333
782.875
814.038
733.511
727.35
776.212
752.385
738.492
717.188
736.502
759.225
768.234
740.182
1019.43
845.937
788.741
715.178
771.135
743.564
803.352
834.106
826.717
903.398
726.245
760.43
770.216
729.181
721.167
764.801
776.844
721.518
730.618
742.133
775.841
720.038
727.313
1135.37
731.84
737.506
779.378
748.976
819.852
875.045
728.81
714.049
716.795
815.202
789.457
788.299
739.696
737.91
768.813
715.971
725.307
816.303
730.64
718.538
839.11
722.023
723.099
769.92
714.078
763.881
757.776
751.705
721.425
724.983
748.636
848.314
845.046
742.98
825.656
713.705
774.063
742.968
732.403
768.674
725.936
985.628
728.847
894.047
791.465
755.68
755.203
729.517
887.693
733.483
870.415
829.393
854.843
805.669
738.961
766.686
760.402
765.5
829.571
739.459
760.426
834.828
848.678
830.321
928.256
882.06
723.963
790.269
751.893
837.725
718.16
998.03
737.207
725.533
749.244
810.591
726.754
851.647
721.816
844.705
714.141
795.059
1416.34
970.741
722.837
773.661
745.863
729.422
714.073
768.066
756.028
1029.92
762.622
799.293
727.901
716.652
815.897
837.285
759.997
884.025
720.211
802.377
750.199
825.096
724.392
732.013
733.303
727.94
748.872
748.861
810.021
760.149
740.182
748.296
893.724
750.899
744.401
831.426
740.736
720.152
734.109
999.032
720.948
804.96
714.576
729.474
730.625
747.301
749.401
752.424
718.251
882.022
749.559
718.358
1032.67
775.558
864.216
955.642
723.044
748.973
761.937
772.991
724.417
858.798
822.169
746.265
752.907
927.597
743.979
724.15
975
766.714
745.627
761.834
782.248
911.191
937.078
818.156
761.188
742.446
828.469
715.005
862.787
716.792
823.577
733.499
849.251
771.707
829.825
738.266
949.881
738.218
743.412
814.794
800.295
713.758
754.625
769.3
737.351
732.841
759.856
787.203
754.981
782.149
767.782
714.078
862.249
734.537
761.077
724.992
723.787
775.621
722.197
723.887
803.345
837.157
822.506
716.926
751.357
784.543
742.871
777.99
772.347
775.322
823.402
735.158
716.889
725.117
895.108
716.688
874.784
915.563
851.644
740.373
839.472
835.103
744.943
780.595
750.312
838.59
932.826
869.364
718.049
846.134
734.209
776.068
733.375
775.897
916.316
986.975
723.217
767.027
717.825
880.373
714.438
719.121
723.331
764.557
729.217
732.366
757.916
734.148
834.551
733.514
775.523
741.185
856.2
819.927
978.105
933.784
717.496
922.751
795.466
771.615
796.864
727.159
788.293
791.85
764.445
721.439
742.046
773.692
996.24
825.02
724.624
995.273
752.079
912.435
723.702
739.185
785.159
896.1
767.65
789.055
929.39
780.859
834.762
728.272
740.547
835.029
788.747
885.262
720.383
921.455
865.992
799.009
714.174
735.379
754.449
760.631
736.23
719.902
713.452
774.478
798.771
911.278
772.769
779.823
764.777
724.128
731.064
781.8
726.527
851.335
879.026
771.567
834.332
722.57
782.794
713.611
925.649
755.251
756.786
776.237
787.67
788.437
835.38
949.118
822.333
723.517
719.9
833.245
739.284
788.211
764.238
769.982
719.398
789.48
876.07
808.299
732.684
857.586
733.517
887.183
751.734
716.601
831.796
800.896
747.584
749.786
795.795
784.116
856.088
791.818
821.04
729.964
720.641
780.744
906.433
828.87
811.298
1073.96
930.148
776.648
768.326
719.79
1055.95
714.248
720.477
736.041
826.868
743.12
884.692
744.933
794.03
718.477
766.102
721.687
877.882
1020.02
713.718
734.969
788.474
748.284
796.421
925.936
918.12
743.033
796.204
796.635
942.74
764.819
758.99
716.889
731.284
752.952
743.852
759.265
887.746
856.545
896.314
735.646
729.921
718.477
719.901
720.015
755.241
743.296
872.242
786.38
725.918
740.461
787.193
740.872
797.247
803.306
732.616
742.664
1080.26
770.325
938.963
727.83
740.031
788.455
746.877
735.892
756.234
741.418
734.113
811.857
736.198
718.9
729.57
746.835
798.739
778.29
737.605
729.676
752.368
760.426
775.889
721.368
918.733
775.629
729.672
801.315
787.302
811.286
746.385
1287.74
733.068
776.162
875.46
824.86
859.794
730.363
753.248
746.319
761.804
729.767
720.968
759.818
728.098
778.058
733.692
725.526
934.049
859.752
904.802
809.154
888.978
759.301
728.149
859.597
717.228
714.815
738.463
734.373
857.28
817.357
734.754
738.575
871.377
767.232
866.434
739.616
742.828
719.596
789.185
724.893
741.466
821.29
732.365
716.674
749.198
721.9
733.178
736.027
813.665
715.346
733.636
771.366
715.354
725.01
722.724
884.736
891.098
739.48
781.464
880.514
780.932
737.127
738.335
819.876
747.501
729.871
728.897
896.441
781.229
774.349
823.383
822.855
890.694
892.233
730.375
757.143
823.511
714.828
777.371
839.641
752.971
718.946
815.537
794.646
742.7
749.466
761.911
724.493
846.501
777.407
729.523
1134.69
878.72
1084.3
797.224
826.217
812.869
776.449
755.614
826.92
886.319
725.169
774.346
729.709
875.435
900.088
870.007
797.878
729.312
801.961
797.841
744.862
746.87
718.755
715.768
816.69
769.8
799.544
737.391
892.614
731.575
789.406
769.775
932.792
741.293
746.05
871.807
753.869
717.87
785.154
830.47
756.121
804.464
713.428
728.192
723.614
761.466
720.058
730.631
859.237
775.981
745.505
802.636
725.557
961.663
714.212
739.493
742.315
770.274
732.259
766.764
731.639
746.163
740.159
921.752
754.443
792.079
734.063
730.308
729.709
737.229
761.319
861.371
747.977
858.427
715.583
885.573
898.856
1107.96
966.656
771.333
780.356
741.285
899.341
734.736
729.332
755.571
762.97
872.486
768.495
743.777
800.314
860.646
757.458
855.984
781.189
880.333
866.168
851.652
747.423
838.657
1034.91
827.024
764.34
791.701
874.186
791.939
787.06
819.323
890.484
808.75
823.699
720.789
757.329
736.58
763.019
752.482
966.603
831.697
723.776
821.24
716.705
899.937
723.792
719.279
714.708
736.249
723.074
752.231
726.278
792.624
718.935
839.589
747.468
744.776
725.841
714.205
754.751
837.678
719.326
806.805
838.87
775.84
1022.75
903.562
723.518
738.426
724.688
774.856
728.996
714.541
734.131
774.891
733.673
744.974
748.817
845.236
751.568
778.642
718.538
841.953
746.679
731.574
878.155
722.408
745.155
784.568
733.739
738.285
797.991
797.203
791.442
755.646
750.29
725.392
742.771
747.552
927.574
787.785
714.734
795.967
728.633
766.632
742.99
771.41
790.169
782.8
715.215
752.166
759.016
732.952
718.735
771.131
750.8
770.308
767.6
861.658
715.765
999.136
864.647
798.185
714.403
791.691
815.21
741.479
747.608
716.274
750.712
717.732
731.005
765.824
773.167
811.911
926.873
731.069
758.912
731.468
836.964
733.123
755.853
732.85
755.145
874.625
738.564
738.675
763.654
765.013
788.75
821.193
779.92
880.394
853.919
726.096
734.142
835.665
789.079
840.807
740.781
740.226
915.873
720.681
719.739
757.491
875.577
736.63
879.802
845.624
776.603
716.511
740.258
754.334
760.344
738.855
765.144
963.253
821.502
727.257
773.624
732.411
873.286
864.654
761.224
756.372
870.332
789.837
782.999
753.634
798.066
775.471
789.405
772.673
806.455
833.227
753.79
807.491
908.559
1015.02
1030.71
718.577
855.629
741.478
720.524
717.95
732.972
840.834
746.855
718.76
716.55
728.455
719.253
749.876
811.34
768.592
720.123
806.856
768.103
732.116
751.635
815.629
784.495
915.296
962.978
730.772
751.501
739.702
785.3
735.451
730.394
742.687
743.946
772.008
720.812
776.92
723.098
726.694
787.296
791.712
740.448
726.823
738.4
728.921
775.26
723.844
1025.22
758.961
1175.18
743.363
777.004
716.686
713.423
767.973
825.58
920.89
744.177
722.737
718.874
