1.34471
0.819111
-1.0951
-0.444473
-0.127149
0.208155
0.141469
-1.26193
-0.343733
-1.2092
-0.331766
0.628431
-0.222689
-0.682968
0.0261075
-2.89187
0.328459
-0.154112
0.774263
-0.50508
1.81597
-0.833706
1.01331
0.222617
0.715705
0.801383
-2.04644
-1.78431
0.86642
-1.99339
0.840275
1.09692
0.570424
0.757544
-0.491366
0.511623
-1.3875
-0.565186
-1.68815
1.53325
2.53507
-0.680805
-1.04079
0.497429
0.583412
-0.2792
-0.14217
0.295646
1.34044
-0.520844
-0.787348
0.484407
-0.613662
0.460357
0.201158
1.04661
0.987633
0.842496
-0.022991
0.566638
-0.343626
-1.11689
1.62099
1.92726
-0.611455
-1.69036
-0.590943
-1.18154
0.555849
-0.690883
0.280083
0.269805
-0.649207
1.01732
-0.269504
0.834383
1.48783
0.268745
0.742911
1.68478
-0.380235
1.71043
-0.539857
0.236776
0.147976
-0.71962
-1.6344
0.932974
0.140975
1.88212
0.0224117
0.731459
0.368868
0.589936
-0.531847
-0.108053
-0.0637919
1.53092
2.08522
0.933202
-1.50058
-0.301657
-0.851089
-0.377605
0.868265
0.704113
-1.55486
0.764335
-0.0206387
0.499379
0.842023
0.768312
-0.232389
-0.529458
1.67246
1.64671
-1.04336
-0.493773
-1.01906
0.903369
0.705112
0.145894
-2.02671
-0.455567
1.4323
0.218604
-0.422933
0.0158769
-1.08313
-0.944854
1.18651
-0.398931
-0.556301
-0.343132
-0.24564
-0.178686
-0.669835
0.77215
-0.449094
0.845145
0.346607
0.217737
0.408411
-1.7068
0.903527
0.596902
-0.632469
-0.685063
0.306023
1.78606
0.544458
-0.793223
-0.0912746
-1.23562
-1.61821
0.220034
1.24991
-0.220137
-1.54792
-0.638337
-0.18775
-0.134222
-0.121022
1.04781
-1.07437
1.29076
-0.521353
1.18685
-0.0600885
0.0706005
-0.810119
-0.669814
-0.460746
1.79181
-0.267279
0.912386
2.76131
-0.555499
-0.946357
-0.0680866
0.0731275
-1.12194
0.12767
0.445304
-1.62178
0.155105
1.07804
-0.629188
-0.0284687
-1.08109
0.131092
0.534198
0.347156
-0.469759
0.834366
-1.17234
-0.641906
-0.68208
0.926485
1.34651
-0.564711
-0.551444
1.14065
-1.43041
0.653224
1.36699
1.08805
-0.19906
-0.0589153
1.14181
1.11512
-0.988735
-0.379214
0.931038
-1.99297
0.630131
-0.0731021
-0.568113
0.665383
-1.33611
-0.280649
-2.24568
0.214026
1.13025
0.957834
0.210644
2.12836
1.19724
-1.0323
1.32035
0.375463
1.38726
-2.53706
0.214215
0.548105
0.318229
0.277024
1.0356
1.46602
0.654826
0.0483692
-0.536792
1.99089
0.159693
0.307742
-0.0717498
0.385324
2.26103
-1.35329
0.212311
0.149546
1.03447
-0.761068
-0.689999
0.178869
0.626852
-1.38102
0.390902
-0.924052
-1.14662
0.113863
1.09191
-0.525698
-1.32891
0.991792
-1.31928
1.9039
-0.0253062
-0.168737
-0.443102
1.36348
0.24511
0.476143
-0.897235
0.156645
-1.16304
1.33962
0.581243
-1.96457
1.5194
-0.555989
-0.820346
-0.486203
1.14871
0.736863
-1.53374
-0.273692
1.13644
0.382536
-0.645325
1.04087
0.688974
0.587498
0.626267
-0.789109
0.835567
-0.403991
-0.0129572
-1.14685
-0.185547
-0.138829
1.13552
1.22939
-0.946461
-0.614327
2.37213
-1.12933
-0.873636
-1.17675
1.26176
-0.252029
0.54408
0.326904
-0.801097
1.08246
1.17188
-0.48288
-1.7237
-0.701701
1.17157
1.01841
1.05059
-0.809093
-0.000400622
-0.796996
-1.18075
-0.66418
-0.222065
-0.38312
-0.113942
-0.916268
-1.44777
0.969876
-0.310822
0.334478
0.576786
0.757448
0.110938
-0.845504
0.361217
-1.0856
0.817862
-0.222897
-0.246824
-0.586992
0.481113
0.762846
-0.293496
-2.1789
-0.807099
-0.0329685
0.856404
-0.358714
-1.35784
0.461069
-0.551384
1.12956
-2.51259
1.43739
0.249279
0.0729848
-0.706421
1.15906
-1.40547
1.23439
1.14671
0.0675778
-0.953024
-1.00707
1.2666
-0.364848
0.38181
0.581675
1.10493
0.884882
-1.09481
1.1091
0.599332
1.23833
-1.04862
-1.91186
0.990155
-0.84069
-1.86303
0.838145
-1.51836
-0.240587
0.0653397
0.981943
1.9882
-1.84443
1.64545
1.88822
0.0153654
-0.339457
-0.464075
0.81889
-0.0253067
1.35433
0.958281
-0.464588
1.28917
-0.706668
-1.19016
0.269742
1.56303
-0.382627
-1.12945
0.438865
-0.142102
0.441321
-0.112601
-0.383811
0.677386
1.15788
-0.503239
0.575859
-0.920121
2.53949
1.27131
0.569867
-0.296191
-0.810719
0.60548
0.784797
2.09525
-1.06251
-0.48349
-0.367855
1.45872
1.64578
-0.472482
0.409746
1.06685
-0.862205
-0.493302
0.949107
0.807505
0.725159
-0.0981237
0.595769
-0.691368
0.0708969
0.987258
1.6663
-1.52378
1.43934
0.676759
1.53948
-0.0784006
-0.129754
1.05663
2.53078
0.500884
1.65992
-0.950013
0.06093
-0.619582
-1.13243
1.72637
-0.365634
0.284057
-0.825889
1.237
0.341953
0.928418
-0.636228
0.453989
2.01001
-0.314367
-1.1608
-0.433342
-1.12722
0.659898
-1.27389
0.438241
1.26319
-0.0875969
0.851515
0.198474
-0.198583
0.103063
1.29776
-0.542865
2.60112
0.482009
-0.806334
-1.54108
-2.08007
0.303387
0.129843
1.07619
-0.127546
0.622504
-0.347691
-1.26614
0.23063
0.032002
0.94044
0.505596
0.713565
0.0631237
1.47858
-0.439394
0.916776
-0.180927
1.61624
-0.576611
-1.45279
-0.587718
0.16092
1.31462
0.643802
-0.248169
0.177283
0.0189548
0.581919
0.234445
0.0196113
0.300545
1.76664
0.35332
1.33672
-0.817934
-0.207997
-1.10832
-0.436207
-0.520947
-0.513096
1.08528
-0.34765
1.77322
1.5376
-0.116905
-0.864747
0.963975
0.109407
-2.5924
0.830889
-1.54713
-1.24131
-0.476494
0.0419254
-0.283626
0.430928
-1.0554
-1.7791
0.00701584
-1.40484
-1.55258
-0.523545
0.324209
-0.399457
-0.578164
-1.48998
1.19538
-0.456036
-0.0523902
-1.3709
0.76066
-0.826803
-1.91478
0.401558
0.739433
1.64026
-0.440776
-1.02399
-0.0535532
-0.108971
2.53745
0.556107
0.450386
0.561273
-0.356518
-0.00922681
2.38041
0.326764
1.74576
-0.492759
-0.455364
-0.440932
-0.649009
1.53445
1.25716
2.06738
0.633325
-0.629745
0.2887
-1.29276
0.774104
0.629973
0.119022
-1.35939
0.595322
0.125438
-0.974184
-0.869947
0.018111
-1.30123
0.629849
0.383892
0.121836
2.62856
0.204353
-0.459849
-0.357139
0.605495
-0.574894
1.39996
-0.207144
0.337718
-1.8098
-0.757546
-0.0770785
0.25941
-1.20449
0.47522
-0.00683479
-0.669727
-0.0846126
-0.91542
-1.09334
-0.749543
-0.364878
-0.839777
0.64806
2.28902
-1.35553
-0.0804298
0.984025
0.573387
-0.249163
0.911832
-0.389188
1.44395
-0.860757
0.73775
-0.747792
3.3156
-0.632366
0.841985
-0.608314
2.42981
0.111037
0.570956
-2.22047
-0.672326
0.166096
0.892116
1.19801
-1.26596
-0.687148
1.17495
1.05841
-0.886889
-0.508493
-1.09663
1.39877
0.294438
-0.0571222
-0.221376
-2.27177
1.54594
1.19989
1.35624
-0.889358
-0.721416
-0.167655
0.145248
-1.12359
-0.833919
-1.49554
0.211141
0.472027
-1.20912
0.375239
-0.521307
0.719293
-0.438821
0.292694
-1.35141
0.0714175
0.129394
-0.441955
-2.12904
-1.5327
0.526985
0.201395
1.11095
0.270681
1.56926
-0.178651
-0.409331
-1.62371
1.49598
-0.0258365
-0.433895
1.07554
-1.13856
0.0911567
0.560994
0.398505
-0.360407
-1.09803
0.120391
0.0785651
-0.0238267
0.541798
0.559411
-1.32402
0.421319
1.16036
-0.308779
0.299122
-1.13803
0.810309
-1.17537
1.61048
-0.179076
-0.983499
-0.0523807
-0.918807
0.057894
-0.531792
-0.130921
0.43919
1.67928
0.544186
0.411713
1.5076
0.784637
-2.28168
1.43126
-1.13078
-1.56271
1.05423
1.29832
1.13728
-0.40485
0.863103
0.872708
-0.362295
0.0827332
0.543322
-0.268382
-0.185171
2.32995
-0.585062
1.01677
-0.53368
-0.983402
2.54069
0.589298
-1.62206
0.0644846
1.34735
-0.797815
-0.459723
0.186713
-1.56375
-0.921412
1.08791
-0.231428
0.51025
-1.03538
0.12644
-0.807294
-1.27238
0.683796
-0.184784
1.55327
0.395777
0.154443
1.28392
-1.47605
0.68926
-0.428589
1.19133
1.1864
1.66654
-0.622314
1.38293
-1.25551
1.05636
-1.38385
1.54156
-0.0951144
-1.24073
-0.56016
1.10293
0.658251
0.320771
2.18193
-0.0137307
-0.37361
0.140977
0.475751
0.425915
0.301284
-1.25637
0.434702
-1.19317
-1.71003
0.627922
-0.206238
-0.148828
-0.463212
1.48542
-0.446325
-0.284137
0.632261
1.05476
-1.31973
-1.9798
-1.26099
-1.37983
-1.36028
0.482404
1.34592
-2.06005
-0.0571615
-1.20851
-1.02949
1.16821
-0.303242
-0.688401
0.815526
-1.87033
-0.3362
0.256788
1.48029
-0.710294
-0.0596921
0.271648
1.73285
-1.52507
1.57691
0.402264
0.647931
0.925343
-1.88616
1.28503
0.0157082
-0.349811
1.36358
0.994695
0.613948
-0.187575
0.0584205
1.66191
-0.321782
1.73286
-0.0332461
0.0096689
2.14259
-1.65508
0.647197
0.204864
-1.46562
2.44694
0.282431
-2.41406
-0.38868
-0.746498
0.29424
-0.422797
0.803577
-0.640371
-1.33544
2.5786
-1.32985
1.04648
-0.161852
-0.521641
-0.78865
0.0693697
-2.10404
0.797671
-2.75495
-0.293823
-1.00167
0.282738
1.13681
-1.52739
-0.438426
-1.39038
0.147328
0.410955
-0.452828
-1.0749
1.18218
-1.07719
-0.431104
-1.07779
1.14223
-0.638926
0.497246
0.164645
2.19468
0.802172
0.858803
0.631216
0.351363
0.862816
-0.538646
0.307058
-0.232434
-1.0797
0.73892
-0.799168
-1.47701
0.119165
0.131956
-1.22326
-0.84507
0.516119
-1.52047
0.147242
-0.193001
0.366561
0.0872463
-0.155965
0.815626
0.283351
0.149201
-0.128793
-1.33009
0.371099
-0.551101
0.591167
-1.85137
0.703817
-0.795396
2.14548
-0.0428843
-0.164588
-0.470532
-1.31026
-1.44898
1.81631
0.013566
-0.378794
-0.178127
-1.15452
-0.985789
2.1791
1.54191
-1.07579
-0.0809876
0.724433
0.081902
-0.0993648
0.534786
-0.532166
2.65278
1.54271
-0.0478532
-1.9807
1.70886
0.129153
1.42221
0.683133
-2.09547
-1.90057
-0.661423
0.246723
-0.811716
0.687955
1.59159
-1.91914
-0.753006
0.736075
1.00439
-1.02646
-1.31035
0.25805
0.89916
1.06863
-0.146774
0.6471
1.01268
-1.10963
-1.85844
-0.389836
-0.137292
-0.066201
1.97625
0.659566
-0.481124
1.07571
-0.646639
-1.94114
-0.931309
-0.285109
0.62874
0.00636861
1.00607
0.00555445
-0.431743
-0.292613
-1.81151
0.461979
1.71189
2.46817
-0.744689
-0.214242
0.948122
-0.323427
-0.50471
-0.588433
0.309266
-0.117138
-0.302112
0.133818
-2.04874
-0.360899
0.198695
0.902687
-0.161246
0.924854
-1.73166
-1.22802
-1.51685
-0.209451
-2.20563
-0.915497
-0.246031
-0.458763
-0.632559
0.144037
0.209417
0.827679
-0.0672061
-0.396424
-1.15231
0.635664
-1.42267
-0.503066
-0.220121
0.925797
-0.322847
0.942505
-1.0875
-1.38721
-0.0743082
0.672209
-2.11852
-0.603983
-1.36149
-2.00484
1.94418
-0.0180029
-1.18495
1.33976
-0.627288
-0.500688
-0.741602
1.61479
1.17076
0.562649
-0.19127
-1.08947
-0.101439
1.29614
-0.59606
1.85231
0.757302
-0.274889
-0.364286
-0.122636
-0.50367
-0.856315
0.664931
-1.43306
-2.72152
1.10334
1.8023
1.31936
1.56104
0.457873
1.15929
1.40326
-0.625616
0.972017
-1.15608
-1.13096
2.60263
0.0973718
1.30234
-0.364534
1.54302
-1.83939
-0.666954
-0.614763
0.562458
0.435011
2.30779
0.830672
0.667784
-1.2412
-0.221869
1.99607
1.05737
-0.0750071
-0.346634
1.57684
0.0378995
-1.24129
1.06578
0.475591
1.22138
0.545217
-0.176362
-1.72669
-0.942858
-0.262006
-0.597115
0.487339
0.227464
-1.0766
0.24848
-1.35425
-2.92413
-0.972675
1.35033
-0.974663
-1.17761
-0.155153
0.323349
-0.686405
0.952808
-0.272627
0.00657658
0.690898
1.51247
0.956332
0.802858
-0.654451
1.36851
0.24484
0.357101
0.468976
0.565865
-1.3193
1.20464
0.018179
0.754254
0.959952
-1.52269
1.17209
0.636689
0.46999
1.42024
0.0841806
0.463814
0.9365
0.751537
-0.490074
-0.793264
1.20515
1.89257
1.58388
0.27538
1.36917
-0.644279
-1.54239
-0.113546
-1.1171
-0.820153
-0.725002
0.811031
1.71924
0.442187
-0.701869
-0.749892
0.488295
-0.300157
2.39597
0.314173
1.56063
0.939448
-0.528412
1.26093
-0.0844249
-0.441288
0.250039
-1.34397
0.772347
1.67948
0.036855
-0.403883
-0.018631
2.08544
1.0411
-1.3736
-0.727668
1.65252
0.586192
0.784157
-0.239661
-0.892071
0.987599
1.92864
0.0405872
1.58495
0.0900828
-0.497911
1.361
-0.375152
1.15465
-1.4326
-0.914436
2.1825
-0.742418
0.144075
1.243
0.998592
-0.878568
-2.40728
-0.189678
-0.710899
1.07039
-1.1487
1.08212
1.62864
-0.822976
-0.322586
0.817154
-0.276282
-0.383168
0.638978
-0.880916
-0.167721
-0.0368792
-0.51324
2.1534
0.991881
1.50406
1.52486
2.07516
1.56819
0.156614
0.0451105
-1.73143
0.461699
-1.6376
0.497719
-1.18862
1.11486
1.71261
-0.316149
1.2589
0.148391
-0.429504
-0.772183
0.242965
-1.75718
0.149379
0.0219303
1.08671
-0.660127
-0.973549
-0.825333
-1.33623
-0.391061
-1.14597
1.8187
0.0485874
-1.20245
1.24575
1.36141
-0.683001
0.205932
-0.0112833
0.421894
0.942844
1.971
0.662044
0.696333
-0.31395
0.751023
1.2138
-0.139059
-0.293812
0.358896
-0.172083
-0.141858
0.91877
-1.11164
0.0844185
1.88294
-0.638534
0.846429
-0.690018
0.33463
0.478382
1.16181
-0.209059
0.478663
0.888682
1.72727
1.02452
0.502068
0.0604122
2.17624
-2.29789
0.183547
0.804572
-0.788104
-0.128647
0.689416
2.14624
0.872177
-0.0466473
0.322732
-1.80518
1.40385
0.223028
-0.319684
-0.668342
-0.852548
-0.942607
-0.705921
-0.873881
0.0436282
-1.98321
0.421804
0.591825
0.574479
-1.05634
0.752831
-0.533893
-0.707372
0.519325
1.60583
0.169634
-0.8386
-0.733087
0.75895
0.491666
0.963948
-0.365438
-1.21346
0.0641155
0.0635031
0.752116
0.287306
1.2805
-0.709971
0.0961356
-0.682737
-1.06028
-0.159325
-0.472976
-1.5578
0.803748
-0.244986
1.16098
-0.33979
0.879654
1.51642
-0.339559
0.512869
0.693594
-0.109332
0.700402
-0.90506
1.89483
-0.792305
-0.40088
0.646296
-1.98181
-0.398193
1.05813
0.423744
-1.15775
0.399778
-0.537855
0.604309
1.08317
2.85111
1.10226
0.335895
-0.14523
0.101179
0.669231
-0.660122
-1.41755
-1.57118
-1.23884
2.3976
-1.30239
-1.38206
-1.69803
-0.533
-1.21017
-0.487864
0.794258
-0.241727
-0.918379
1.03076
-2.33028
-0.242875
1.32507
-1.62613
-0.0765097
0.390868
-0.385658
0.0903531
-1.50941
0.422028
0.113122
-2.82782
0.827223
1.41421
-0.43901
-1.63754
0.00672468
0.796119
1.26802
1.2663
-0.470104
0.710261
-0.082067
1.73145
-0.740948
1.12251
-0.487904
-0.320624
-1.94244
-0.385345
1.77017
0.504571
-0.160142
0.728364
-0.0762265
0.388647
-0.415302
-0.875632
0.161508
1.23176
1.39512
1.05303
0.88536
-0.239458
0.284392
1.2538
-0.687684
1.46263
0.85539
-0.36044
-0.613824
-0.438263
-0.695442
-0.110013
-1.14616
2.3584
0.422516
-1.16771
0.746327
1.02539
-2.07203
2.19539
0.203117
0.13887
-0.749998
-0.366605
0.676691
-0.748586
0.633349
-0.949524
-0.674017
-1.01351
0.57685
0.251859
-0.943779
-0.693439
-0.984833
-1.48615
0.601274
-0.799375
0.803539
-0.695069
-0.537578
0.382519
-1.11637
-0.608521
1.51497
-0.230454
0.297442
-0.950725
1.36759
2.48351
-2.0957
-0.267344
-1.82487
-1.05882
0.757666
0.290731
-1.63863
-0.277558
0.11772
0.784981
-0.0719255
0.0374357
-0.472376
0.737167
0.301009
0.416099
0.569306
0.596567
-1.02241
-0.613576
-0.600549
0.709629
0.176358
-0.595495
0.144052
-0.469769
-0.0733126
0.16427
0.733077
-0.284438
-0.826343
-0.337774
-0.0441841
-0.948182
-0.337747
1.09968
0.924788
0.800965
0.385768
0.60086
-0.00929064
0.505172
-1.48117
-0.454745
0.956035
-0.157078
-0.930454
-0.818359
-2.57057
1.7325
-0.146662
-1.00031
0.605378
-1.56141
-0.657329
2.43207
0.614928
1.80927
1.19613
-0.0344386
-1.11502
0.217316
-0.517837
0.436561
0.168543
-1.65206
-1.71569
-0.225668
1.21287
1.15605
0.0100512
0.111782
0.797011
-0.182484
-1.57565
0.839323
0.432039
-0.47241
1.05564
-0.0576925
1.5902
1.37186
1.06632
0.294408
0.269652
-0.333526
-0.589115
-0.697253
-1.01251
-0.669034
0.40505
0.298473
0.713756
-0.108674
0.856512
0.428821
0.47125
-0.372691
1.20086
-0.564743
-1.50578
0.24256
-0.244954
-1.58864
0.350118
-2.12392
0.921731
-0.957669
1.03004
0.799589
0.0757995
0.488622
-0.968792
0.621107
0.66168
0.718518
-0.295586
-0.723453
-0.333485
-1.99142
-0.622911
-0.1717
-0.0691769
-0.0655442
-0.177742
-0.64123
-1.42134
-0.46278
1.33204
0.27334
-0.865103
-2.82358
0.664231
-1.06115
1.4191
0.890827
-2.37471
-1.03737
1.11027
-0.761516
0.75101
0.0894491
-1.68709
-0.397352
0.336746
2.16057
0.368144
-0.961266
-0.840182
1.22981
0.281706
-1.35802
0.938322
-1.11322
-0.00147197
-1.09481
0.474509
1.08617
0.415803
-0.779347
-0.787292
1.22116
-1.06161
-0.456539
0.0871144
-0.84604
0.890112
-1.59581
1.09945
0.109686
0.119799
-0.0356631
0.825711
0.72017
1.74524
-1.54938
1.00356
-0.418526
0.782339
-0.791087
0.390553
0.334735
0.943747
0.196445
-1.18212
0.622078
-0.38976
1.41165
-0.981721
1.0628
0.424156
-0.964479
-1.98465
-1.71683
0.649554
1.13715
-1.18847
-1.03961
0.0326018
-0.87217
0.309015
0.747972
-1.01217
-0.198442
1.16151
-0.594842
-1.48116
-1.37206
-0.0357936
-0.688432
1.00473
-1.59705
0.813743
-0.255308
-0.953302
2.92064
-1.53416
-0.629601
-0.419208
-0.234687
1.45168
0.698272
-0.63907
0.501087
0.662476
-0.704338
-0.424206
-0.215203
1.06814
0.718165
0.944813
-1.52021
0.874265
0.224606
0.385246
0.145559
-0.551792
0.91098
1.2101
1.93568
0.116517
-0.29396
-2.01064
0.718424
1.03725
0.302029
0.0787492
-0.283387
0.969829
-0.66833
-0.365751
0.717621
0.313426
-0.415391
-0.151093
-2.12463
1.17575
-0.73263
-1.22167
0.217099
-0.598907
0.0283722
1.16326
-0.867829
-1.44635
-0.216505
0.541845
1.37454
1.88036
-1.05179
-0.567562
-0.487342
0.195568
1.32265
1.25151
1.91882
0.00366492
0.152298
0.730781
0.945757
0.0993087
-0.262401
-1.00769
-1.01576
-2.01514
0.547257
0.503803
0.563495
1.0683
0.467853
-0.797121
-0.338299
-1.32264
0.630738
-0.208773
-0.0358294
-1.13643
1.3914
1.40454
0.763871
-1.06618
0.0057562
0.864498
0.629649
0.0808951
0.618429
0.0824978
-0.487275
0.263494
0.0240379
0.717415
1.65003
-0.342461
-0.374196
-1.72562
-0.541032
-0.473721
0.469811
-0.758904
-0.932458
0.151558
0.127024
-2.17454
0.946805
-0.925034
0.924532
0.0877427
-0.133474
-2.47386
-0.812385
0.418637
-0.557439
0.176818
0.165581
-0.776438
-0.123744
-1.05219
-0.0565427
0.50053
-0.619968
-1.35569
-1.15878
0.178982
-0.265304
0.252458
-0.0756467
-1.30091
-1.3149
-0.508186
-0.451586
-0.651569
-0.181314
0.723954
-0.260817
0.462779
0.345992
0.585912
1.19187
0.276881
-0.342134
-0.279906
1.43758
0.195774
0.896378
1.15544
-0.867173
-1.41074
0.227068
0.587913
0.74054
0.759685
-1.71214
-0.0748402
1.7872
0.0373423
-0.76306
0.371826
1.2554
0.603784
0.408144
-0.564192
1.08909
-2.25754
-1.53288
-0.460883
0.153165
0.715951
0.191752
2.28183
1.07822
-1.46087
0.629581
-1.5564
-0.827286
0.930513
0.255438
-0.821349
-0.612052
-0.671794
-0.0264716
0.744216
-1.04284
0.622609
0.77716
-2.08467
-1.95947
-1.64903
-0.264663
-2.61933
0.804893
-0.506301
0.0962511
-0.652155
0.457831
0.214733
0.773289
-0.149103
0.383347
-0.445218
-0.124376
0.875692
1.07918
1.87429
-0.23485
-0.454887
-0.654229
1.14222
1.77979
0.823681
-1.54665
1.13089
3.10432
-0.995718
-1.31913
-0.976556
0.974469
-1.30981
0.458425
-0.597639
0.697522
0.0656705
0.749706
1.31691
-2.0892
-0.880378
1.08361
-0.315959
0.576484
-1.53348
-0.0294023
0.0568279
-0.189314
-0.33115
0.0702304
2.13425
0.297495
-0.0750958
1.4789
-0.8008
1.30849
0.2934
-1.40453
-0.491489
2.10851
-0.903385
0.955264
-1.14311
0.115405
0.278975
-1.37178
0.882017
-1.13546
0.408436
2.09942
0.233352
-0.691478
-1.21757
0.525843
0.0468271
0.109789
-1.19077
1.12174
0.907641
-0.243376
0.758177
0.232173
1.57178
-1.71814
-1.40712
-0.648309
0.154383
-0.522071
0.5508
0.630576
-0.292874
-0.90094
-0.473246
0.787947
-0.152133
-0.183281
-0.0480962
-0.219527
-1.3192
1.17146
-0.531732
0.244964
0.403811
1.10152
0.73335
-0.11372
0.447575
0.426736
-1.67313
-1.44157
0.876076
1.32644
-0.330084
1.71187
-0.0430361
0.16356
-0.538462
-1.24525
1.73819
-0.038897
-0.0823551
-0.0190738
-0.965175
-0.485214
1.38456
-1.086
0.752625
-1.59945
-1.61854
-0.550418
-0.306842
1.21237
0.00722224
0.573513
0.794385
0.646136
1.65598
1.35504
-0.309933
1.77199
-1.13067
-0.850883
-0.280193
0.11544
-1.08057
2.63749
0.131442
-0.497588
-1.25328
-0.905574
-0.558833
-0.356694
1.44401
-0.00206971
0.741612
0.16308
0.145016
-0.942825
-0.731672
1.6322
1.22521
-2.47548
0.026919
-1.13324
0.771679
0.362653
1.93581
-0.146593
0.0976182
-0.940673
-1.03436
1.98956
2.05238
-1.96528
-1.17355
-0.981721
-0.663005
-0.712268
0.665537
0.18304
-0.149819
2.09174
-0.107076
0.642444
0.0214628
0.490298
-0.3272
-1.19799
0.137734
-1.70381
-0.105447
0.16186
-0.3896
-1.35009
-0.41425
0.999954
-0.419391
-0.100672
0.158968
0.546749
-2.66944
-0.517687
-1.0219
0.0314416
-0.619869
0.490442
-0.85941
-1.54859
1.23624
-1.83275
0.133689
0.885311
1.44284
0.57566
0.100777
-0.169477
2.89434
-0.253885
0.287334
-0.477414
-1.30653
0.656587
0.290087
0.546189
1.23804
-0.608524
-0.437585
0.878178
0.0363364
0.628835
1.26063
0.694376
0.0560938
-0.455745
-0.775092
-0.0477506
0.411909
-0.509784
0.387403
0.160429
1.03315
2.00947
0.361923
-1.67526
-0.981697
0.356405
0.229216
-0.935046
-0.0972486
0.0321414
0.524807
0.752698
0.494616
1.74064
-0.257939
-1.49276
0.341824
-1.24028
2.04369
1.16925
0.44276
-1.22791
-2.503
-0.0540986
1.537
0.700837
-0.0988061
-0.637908
0.101745
-0.798388
-0.188311
-0.656019
0.877263
0.91221
-0.586732
1.59625
0.253218
-1.4895
1.17869
0.510474
1.55272
2.09091
1.15171
-0.31009
2.18262
-1.91045
-2.08192
-0.0656479
0.274575
0.368243
0.372951
0.282038
0.696873
-0.355347
0.0365872
-0.0764793
1.00722
-0.431406
0.22165
0.30189
-0.365166
-0.362336
1.04843
0.18199
0.110705
0.770445
-2.00888
0.0980262
1.53229
-0.653652
0.519843
1.13437
-1.81913
1.09329
0.31369
-0.985536
-0.153838
0.518761
0.487443
0.817065
0.243916
-1.0931
-0.0824884
0.842096
-0.363316
0.44826
-0.562602
-2.35846
0.273643
0.502395
-0.552289
-1.20109
-1.40462
-0.58206
-0.784078
-0.580296
-0.574781
-0.275408
1.76798
0.191778
-0.664367
-1.17983
-1.0931
-0.262391
-0.289236
1.22085
2.05244
-0.463323
0.0114121
-0.500532
-0.063671
-1.81271
-0.219982
-1.94495
1.28044
2.6772
-2.11795
1.85828
0.760616
-1.53365
0.516138
1.63478
-0.746586
0.416191
-0.49206
-1.28262
-1.61169
0.526399
2.13584
-1.10074
-1.42783
-0.0148212
0.974544
-1.25429
-0.196909
1.4949
0.587685
0.467619
0.376743
0.929714
0.875194
-0.856264
-1.86907
0.10519
-0.833281
-0.562566
0.97647
0.146719
0.623607
-0.412019
0.977212
-0.398048
-1.39576
0.760922
-0.051463
1.32904
0.514402
-0.859036
1.33126
0.450765
-0.781614
-0.555194
-0.920285
1.73734
0.231234
-0.736912
-0.629575
0.229757
-0.102232
1.61857
0.188708
0.180484
1.00079
2.38296
0.605332
1.36065
-0.593943
0.280295
-1.39546
-1.17633
-0.448936
-0.365611
0.878938
0.768142
0.508109
-0.46809
-0.383818
-1.24131
-0.595117
-0.614275
0.892747
1.32632
-0.548798
-0.253541
0.421749
-1.61809
2.00297
0.411247
-1.5102
-1.51075
-0.0649093
-0.675104
-0.704907
-0.0405453
1.55361
-1.83226
0.254431
-0.34402
-0.297345
0.937094
-0.916052
0.629806
0.00571691
0.0852766
-0.912862
-1.24314
-1.19763
0.124411
-1.63658
-0.307274
0.828456
-2.0536
1.53426
0.0313549
2.13811
-1.48013
2.7308
-0.173285
-0.0859109
2.58314
-0.228301
-0.218548
1.29629
0.986099
-1.50356
-0.495899
0.16999
-0.386163
0.303328
-0.185331
0.600802
-0.778936
1.5644
-0.0195758
-0.225289
2.89122
1.3987
-0.882945
-0.683433
0.229953
1.2896
1.11106
-0.537856
0.238366
-0.311956
0.276825
-0.501389
0.282322
1.91015
2.10506
-1.37988
-0.0505228
0.357114
0.226064
-1.83251
-0.0984324
0.026401
-0.512256
0.630749
0.914031
0.511224
1.3117
1.04294
-0.82374
0.995232
0.00458745
-0.226927
-0.352734
0.100036
-0.15654
0.751474
0.129858
-0.110681
0.375374
-0.470312
0.283913
-0.0970084
0.407693
-0.721773
-0.734782
-1.1154
-0.972931
-1.35819
0.759567
-0.174335
-0.684431
0.576385
1.4342
0.308876
0.554049
-1.24895
2.25229
1.16718
0.82494
-1.2939
-0.53697
0.745948
2.33289
1.34481
-0.495866
-0.472193
-0.0804141
-1.00613
-1.26275
0.168321
-0.755266
7.61826e-05
-0.341872
-0.394804
1.60586
2.73794
0.075217
0.662965
-0.0433483
-0.83094
-1.17816
-0.127162
-0.65523
-1.91537
0.464442
-0.0945871
-0.811706
0.553189
-0.915759
0.888541
-0.480746
0.25477
1.79937
-1.37717
1.46479
1.04812
-0.110705
-0.153133
-2.33055
2.16276
0.276722
2.00274
-0.253827
-0.34265
-0.213553
-0.0119475
-1.01018
-0.287425
-0.127023
0.525107
0.419259
-1.27073
-0.514421
0.89573
-0.271526
-1.14531
0.371721
-0.758096
-0.833094
0.292802
-0.387867
-0.178969
0.705358
-0.838077
-0.446469
-1.21473
0.230986
0.713962
-1.31359
-0.0776068
0.48406
0.896105
-0.641296
0.249232
-0.82304
-0.868831
-0.486167
0.176837
-0.791611
0.280602
1.52362
-0.734595
0.768789
0.293132
-0.0848358
-1.35021
-0.922164
0.420954
0.383777
-1.43123
2.13602
1.44472
-0.664276
-1.75623
0.770222
-2.39014
1.84851
1.10178
-0.540834
-0.539507
-0.312897
-1.39823
0.158277
0.37427
-0.710644
-1.38173
0.92367
0.115972
-2.8828
1.75826
0.40023
-0.582794
0.0155789
0.0154712
1.21804
-1.49105
-0.683273
0.216953
-0.55166
0.0958257
1.03749
0.941795
0.125717
0.823409
-1.48487
-1.47509
-1.79138
0.574695
-0.881107
0.0526031
-0.74712
-0.274124
0.383653
0.336664
-0.460216
1.52138
-0.937113
0.567627
-1.17992
0.451069
0.227658
-1.6868
0.768747
-0.235597
0.0732523
-0.56845
-1.1007
-1.33773
-0.700669
0.641717
0.576269
-1.57319
-1.4183
-1.50919
-0.605521
-0.205665
0.271765
-1.01926
-1.06708
-1.3941
0.482447
-0.00187657
0.442946
-0.990634
-1.41879
-2.58278
-1.52797
-0.899161
-1.10556
1.13563
-2.18729
-0.33458
-0.519907
-0.638251
-0.893757
1.66885
-0.318231
0.208743
-0.00762382
1.80643
-0.968662
0.284494
-1.43537
-2.06134
0.024206
1.10756
-1.78668
0.823676
-0.418654
0.425036
0.701245
2.44081
0.153126
-0.897718
0.194455
0.829246
0.962425
0.607205
-0.455967
0.67679
-1.73033
-0.786904
0.911781
0.595477
0.340984
-0.553126
0.0178356
-1.3513
0.350046
-1.13606
-1.31359
0.481922
0.41206
-0.349808
0.149399
1.25832
0.0335585
-0.88065
-0.318887
-1.48028
0.567442
0.355557
-0.128955
0.059397
1.03865
-1.17862
-0.519771
-0.729638
-0.261972
-1.12617
0.00451792
0.81687
0.0187343
0.141853
-0.61003
-0.626496
0.87921
-1.19612
-0.284082
-0.514309
0.861028
-1.1076
0.343435
0.164187
0.883158
1.26242
-0.823166
1.23747
0.78945
1.84799
0.0750767
-0.226683
2.06235
-0.258718
1.26363
-0.450237
-0.371819
1.82042
-1.27053
-0.999979
0.499135
1.5405
2.19136
0.690493
-1.08386
0.13138
0.608413
-0.901834
1.08679
-0.818415
0.585115
-1.18418
-0.230514
-1.0915
1.28942
-0.708858
-1.68375
-0.20588
-0.076055
-1.13527
-0.760002
-1.3045
-1.34127
-0.942978
-1.29282
0.0340663
0.571696
0.970192
-1.06824
-1.91603
-0.617697
-0.905174
-0.616084
-0.853192
0.729995
0.861078
-0.576923
-1.3828
-0.0555972
-0.260203
-1.81456
-1.86255
-0.695476
1.71248
0.326195
0.00967131
0.0229618
0.731855
1.07871
-0.238085
0.144988
-1.17998
0.253253
1.42215
-0.906458
0.444272
1.21484
-0.678691
0.0404755
0.870264
-2.21334
0.341935
-1.45367
-0.940422
-0.132496
1.79739
1.31146
0.573546
-0.392782
-0.130289
-0.386147
-0.760021
0.687954
-0.939572
-0.415699
1.04783
2.01371
-0.391255
-1.07219
-1.78081
0.664069
0.458062
-1.47378
-0.38185
-0.0673836
1.68937
1.80565
-0.170744
-0.84395
-0.113144
0.179906
0.750119
-0.226721
2.0778
-0.349085
-0.49483
1.12452
0.712375
-0.340945
-1.67599
1.22276
-2.51588
1.03375
-0.400676
-0.243287
-0.778357
-1.60284
0.299451
2.2588
0.597312
1.1508
0.599142
0.542721
-1.55918
1.38234
0.267223
0.893284
-1.4742
0.196983
-0.635248
2.33003
0.194652
0.952376
0.231237
1.00127
0.176628
0.00863569
-1.22598
-2.0276
-0.406112
-0.493615
1.22381
-0.42065
-0.493428
-1.39783
0.23408
0.824429
-2.17014
-0.36082
1.37137
-0.20326
1.13057
-1.08561
-0.748149
-0.0332077
0.443039
1.07283
-0.0434368
1.86909
0.26256
-0.313926
-1.40219
0.180815
0.10491
1.33942
0.706476
-0.519718
0.512551
-1.14375
0.613932
1.73261
-1.47998
-0.524042
-0.325963
-0.759015
-0.0690697
-0.194415
0.458009
1.08578
-1.07446
-0.215249
-0.955198
0.841534
-1.67052
-1.03942
-0.98906
-0.00947857
0.36643
1.43325
0.18245
1.66981
-0.635412
0.474929
0.579404
-0.122628
0.303023
1.2184
1.78044
-0.82788
-1.93196
-0.252206
-0.710495
-1.77847
-0.647817
-0.738043
0.561174
0.516499
-0.0108329
1.38415
0.100749
0.847428
-0.298627
0.66722
0.629516
0.131444
0.249321
0.678207
-1.2855
-0.575108
-1.03066
1.18312
-0.862626
-1.19978
-1.37258
-2.0485
-0.363082
-1.32078
-1.78373
0.866542
1.15655
-0.990306
0.162162
-1.02645
-0.265565
0.40276
-0.311809
0.489247
-0.293776
1.34462
0.54845
-1.29912
-0.0152515
0.898122
0.144013
-0.170439
0.914933
0.702036
-0.293109
0.281361
0.800767
0.838101
-0.141183
-0.612274
-0.194406
0.0877058
-1.43112
0.302803
0.0799284
-1.36132
0.525652
1.3993
0.901692
0.13867
-1.50907
0.796657
-1.29725
0.469686
0.208538
0.482891
-0.294652
-0.638335
-0.00238007
-1.12864
2.196
1.12046
0.873925
2.1756
0.964829
-1.0074
0.519096
-2.57951
-0.302996
0.318242
-1.1033
0.732539
1.66201
-0.207211
0.698987
-0.59503
-1.07822
-0.191575
1.42523
-0.0862053
-1.31741
0.910239
-0.327448
-1.47387
0.376751
1.86332
-0.214955
-0.440102
2.20899
0.657561
-1.85498
-1.4699
2.24708
-0.765888
1.39269
-0.839129
0.13792
0.474906
0.309844
-0.138419
-0.328103
0.0997555
-1.16515
-1.09112
0.00605451
0.0576296
1.83059
-0.16068
0.985317
1.12888
-1.13011
-0.542919
-0.335097
-0.709994
-0.0643334
0.62625
-0.197999
-0.319912
0.94759
0.499531
-0.303994
0.614453
-1.45326
-1.43359
-0.38298
-1.31305
0.785123
-1.57062
-0.7044
-0.983536
-0.739045
-0.620345
-0.0219664
0.306859
-1.40776
1.31155
-0.31218
0.117771
-0.29891
-1.20299
-0.658184
0.806384
-0.259393
2.09245
0.531273
1.42702
-0.490233
0.532752
0.61035
0.312909
0.620187
1.31402
0.48079
1.85787
-0.872317
-0.845289
0.732902
-0.781592
-2.39174
1.0093
1.21672
-0.45056
-1.07085
0.0305285
-1.46255
0.080227
-1.12534
1.00978
-1.06849
0.720674
-0.206714
0.374396
1.29912
-1.76429
-0.953075
0.464867
0.38317
0.639852
0.0123593
-0.210303
-0.208409
-1.29161
0.549197
0.969971
0.810245
-1.26475
-2.92984
1.09365
1.11615
0.319179
-0.407068
-0.621523
0.501024
-0.541447
0.486308
-0.720041
2.34038
-0.183221
0.181099
0.0602251
1.10593
1.24617
-0.649136
-2.23963
0.484472
1.17783
-0.639478
1.57942
-0.29822
0.12888
-0.820929
-0.664909
0.0305721
0.570943
-1.20672
1.25711
0.355459
1.29308
-0.552501
-0.962608
2.53488
-1.12056
-1.39519
-1.0105
-1.60612
-0.19919
0.197449
1.43969
0.0227411
-1.4002
0.491336
-0.499635
-1.16965
-0.436135
0.898228
-1.27611
-0.473098
-0.842906
0.647525
0.526125
-0.373755
0.711023
-2.34106
1.92715
-1.35601
1.2456
-0.41388
-0.0556356
-1.64874
0.0723575
-0.141812
-0.909527
-1.78931
-0.0849307
-0.578136
1.7412
-0.550889
0.541397
-0.141342
-0.696521
-0.619678
1.17362
0.871939
1.63422
1.13681
0.776417
-1.45306
0.671489
-0.579898
-0.80744
-0.203384
-0.693452
-1.47572
2.38512
1.74008
1.00302
-0.0986273
-0.916549
0.921284
-0.704413
0.311681
1.07001
0.0103322
0.657335
0.689165
-0.966517
0.328212
0.226513
1.10201
0.136395
-0.485587
1.02317
0.717079
-0.00108424
1.1162
-0.733706
-0.582238
0.399546
0.374931
-0.191879
-0.777002
2.3951
-0.372271
-0.0272526
-2.30708
-0.971772
0.225476
3.46836
-0.830431
1.38348
0.483301
0.72539
0.319086
-0.466533
-0.0845212
2.51116
0.359658
-0.193282
0.320187
0.337801
-1.33766
-2.26127
-0.0512882
-0.339064
1.18545
0.441853
-0.261263
-0.169592
1.41098
0.321962
-0.727231
0.983171
0.318661
2.22809
-1.78219
1.22271
-0.12953
1.05232
-0.762583
1.40406
-0.718248
0.619566
-0.158567
-0.527375
-0.384336
0.0346255
-0.364722
-0.279762
0.313006
-0.0665894
-0.165396
-0.721162
0.472481
0.46066
0.37377
1.00758
-1.4815
-0.71811
0.415375
0.714941
-1.22303
0.606585
1.53999
0.106671
0.450452
0.919193
-0.421268
1.54569
0.738029
-0.376345
0.443964
-0.457427
2.36874
-0.887911
-0.0246722
-0.122987
-1.02523
0.891195
-0.14092
0.808489
0.206306
-0.678676
-0.0813369
-0.555528
-0.655733
-0.330364
-1.39716
-0.196218
-0.239846
1.72817
-0.871376
-1.01909
-0.544979
-0.878324
1.40895
1.37372
0.283312
-0.917287
1.15222
-0.457552
0.114539
0.517759
-0.0255732
1.6887
2.95634
0.759804
0.77769
-0.394777
0.108109
-0.128631
-3.21353
1.22245
-0.520339
-1.19735
0.286137
0.527808
0.719786
0.439711
-0.78136
-0.898311
0.339427
0.0275715
-0.968053
0.273708
-0.886006
-0.234768
0.743504
-1.15203
0.540549
1.4791
0.000145654
0.12888
0.436665
-0.456779
-1.06474
-0.417266
-2.89332
0.731071
0.199297
-0.542389
-0.428715
1.6685
-0.281147
1.1818
-0.241395
-2.57295
-0.9539
1.1799
0.0107681
-0.933316
0.0953278
-0.0892061
-0.494307
0.567968
-0.0766382
0.819756
-0.0793619
-0.308188
1.37494
-1.02952
0.679006
1.08678
-0.205816
-0.301018
0.564411
0.272683
1.16614
-0.995298
-1.63577
-0.374141
-0.548001
0.0732898
0.829565
-0.79877
-1.38332
-0.334074
-1.86383
0.210059
0.00239757
0.569435
-1.98321
-0.334946
-0.518466
0.090373
-0.162052
0.77328
-1.17976
0.354366
0.0444112
-0.280853
-0.110289
-0.324711
-0.263384
1.0608
-1.05776
-0.144833
1.64876
1.35221
0.675523
1.09294
0.0291683
1.7707
1.22402
0.247258
-1.37023
-1.15638
1.4861
1.30788
1.91852
0.822055
0.14904
0.122466
-0.895497
-0.705454
-2.98651
1.40054
-1.06963
-1.36693
-0.377912
-0.70229
0.311654
1.24844
-0.605108
-0.396513
1.04208
0.542466
0.651501
0.299048
-0.406657
-0.666274
0.261467
0.303208
1.05044
-0.419733
-0.146287
-0.466721
-0.0646074
0.116832
0.95802
-1.21246
1.19457
-0.333396
-0.726988
-0.573335
-0.57077
0.791682
-0.397534
1.74431
0.0531465
-1.10769
-0.00672777
-0.402557
-0.501373
-0.0751775
-0.66903
-0.706017
-0.843688
-1.9571
-0.651993
1.16448
0.149938
-1.18218
1.21791
1.34573
-0.439435
1.69675
0.579444
-1.27378
-1.26329
-1.43314
0.48511
-0.374303
1.2185
1.86283
-0.582832
0.732737
0.760412
1.9112
-2.17305
0.880213
0.78895
-1.13219
-0.238232
0.360218
-0.544381
-1.12099
2.48643
-0.707843
-0.355776
-0.0357175
0.11842
0.951024
-1.3868
-0.542857
0.485146
-0.478555
-1.05736
0.269099
-0.539561
-1.77333
-0.45901
0.601497
0.0898602
0.460631
-1.91905
0.77093
-0.0507548
-0.358516
0.272488
1.10215
-0.118356
-0.323538
0.807155
-1.43579
-1.16249
-0.611631
-0.832513
-0.216763
-1.58393
1.11673
-0.826608
-0.272924
0.0838931
2.57234
1.21747
-0.250461
-1.42446
1.42055
0.0381334
-0.529191
0.612367
0.361884
0.563483
-0.130517
-0.330218
0.312608
1.39669
0.521534
-2.0461
-0.0306604
0.35193
0.414416
1.52841
-0.232365
0.485629
0.573446
-0.127157
-0.29759
-1.1937
0.529283
-0.603264
-2.0179
1.4042
-0.467225
-0.589866
-0.0283288
0.936395
1.0924
0.421686
-1.28943
-0.477861
0.888994
-0.358085
-0.295467
1.77257
-0.462938
-0.0403732
-1.91355
-1.20034
-0.524828
-0.163987
-0.24036
-1.91119
-0.991524
0.655462
-0.214684
-0.638571
1.13962
1.13165
1.15735
-0.0200812
0.93423
-0.146715
0.567568
-1.81714
1.42709
0.778615
1.68844
-0.886636
-1.13145
-0.756051
-0.861167
0.0629315
0.756029
-0.736556
-0.308733
-0.142548
-0.00436877
1.04138
0.904309
-0.713331
-0.304092
-1.30691
-0.103771
1.057
1.69078
-0.260204
-1.24501
0.753286
-1.08153
1.42505
-0.831235
0.549225
1.8929
0.120495
0.322404
-1.16009
0.386927
1.26324
0.0969133
-0.154605
0.922325
-0.408866
-0.550063
0.31368
-0.908128
0.592989
-1.58088
-0.337226
1.97747
0.582832
0.299569
0.671407
0.464144
-0.921158
-1.23493
0.435738
1.31395
0.777847
0.127983
-0.357952
0.888625
-0.86502
-0.647968
0.968769
-1.32327
-1.20201
1.08726
-1.29051
0.471582
-0.0626003
-0.15766
-0.588247
2.42705
1.76154
-0.402026
-1.56663
0.575947
-1.54292
0.654346
0.169076
0.366835
1.33176
0.143312
2.45376
1.67986
1.71267
-0.985112
-0.376629
-1.33124
-0.290845
0.712835
-0.540224
-0.483657
-0.0789013
1.00575
-2.5848
-0.00283396
0.587617
0.293013
1.80754
-0.411033
1.07857
-0.024363
-0.565391
-0.418472
0.188369
-0.196439
1.90139
-0.571289
-0.578795
-1.4284
0.658901
-0.151751
0.215009
0.40013
-0.150522
-0.0741593
-0.620081
-1.78213
-0.798604
-0.752426
2.48599
-0.890802
-0.152273
-1.15234
0.392086
-0.138265
-1.16121
-2.23101
-0.0555571
-0.0808841
-0.289903
-0.642098
-1.05916
0.301765
0.677106
-1.21644
0.67231
1.83866
0.317798
-0.172674
-0.233691
-0.501693
-0.474795
-0.0914312
-0.578037
-1.0343
-0.12339
0.227557
0.468876
-0.271334
1.15617
-0.541609
-0.296609
-1.28329
-0.982969
1.15336
-3.74821
1.37107
0.147556
1.27724
-0.180197
0.349795
-0.458516
-0.0743488
1.19177
1.10143
0.584378
-0.486809
-0.197426
-0.717577
-1.73348
1.25544
-0.460308
-1.23416
0.668409
-1.53957
-0.0868175
1.81774
0.621654
-1.19119
-0.166253
-0.0705578
-0.522673
-0.322497
-0.0276701
0.402779
0.0413029
0.910917
1.32107
0.15787
0.448295
0.263558
-1.21932
-0.773435
0.161927
-0.151745
1.68934
1.35869
1.1027
0.923663
-1.31697
-0.652518
0.559369
0.0219539
-1.48622
2.0622
-0.145569
-0.435372
-0.919996
0.226187
-1.09668
2.30266
0.896581
-0.621185
-1.69417
3.19062
-0.201448
2.82166
0.793482
-0.00750909
-0.13646
1.8946
1.03005
-0.966546
0.30233
0.368797
0.276344
-1.51462
2.69039
0.908244
-0.362771
0.207492
-1.75255
-0.867452
-0.323144
-0.79315
-0.087494
0.690285
-0.258338
1.14384
-0.737921
0.0596889
1.16049
0.245886
1.46248
0.900642
2.02271
0.0973113
-0.208006
-0.101988
-1.10553
-1.60146
-0.157424
-1.89604
0.699633
-2.22111
1.59748
1.09711
-1.0642
-0.427644
0.836171
0.37111
0.0248746
-0.669601
-0.501471
-1.74835
2.1883
-2.74359
0.952341
-0.165524
2.14348
-1.18648
-1.37548
0.336581
0.790766
1.37326
0.264353
-0.13955
-0.742414
0.218812
-0.70019
1.21953
-1.1731
-2.14934
0.870186
-0.732465
1.61853
1.09314
0.504538
-0.449303
-0.527826
1.26985
-0.176578
-0.562431
-0.789874
-1.55899
-0.809471
-0.457697
-0.385401
-1.33267
1.19295
1.12997
-0.469746
-0.206321
-0.484082
-0.450545
-0.360064
-0.383676
0.668215
0.169398
1.74359
0.634232
0.0569766
1.16604
-1.53872
-0.187512
0.81181
-0.444863
0.270565
-0.822421
1.43798
0.160778
-0.29455
0.0795595
0.99681
1.41841
-0.074666
-0.395151
-0.877022
-0.170874
-0.87709
1.8644
-0.31716
0.859671
-0.261068
-2.26687
1.6062
1.09918
0.543552
2.01017
1.36886
-0.237639
0.0985086
0.3671
1.70852
0.0166997
-1.69594
0.42411
0.276607
-0.733477
-0.872159
-0.402035
-1.3593
1.43773
-0.949017
0.466407
-0.547479
-0.392238
-0.986152
-0.635771
2.03284
-1.62981
0.844899
-0.601425
2.29403
-0.624535
0.152108
1.23265
1.43536
0.803428
0.28407
0.600805
0.116777
0.319182
-1.54996
-0.151609
-0.261537
-0.0109616
0.816838
1.04571
-1.07977
2.79977
0.078368
1.70159
-0.125423
0.185065
0.918563
-0.582614
0.0109867
0.816822
-0.158996
0.681995
1.3541
-2.86266
0.220707
-0.294604
-2.77214
-1.30513
-0.0689374
0.62227
-0.572343
-0.91763
0.639406
0.198246
-0.522847
0.182571
0.129777
-0.108311
-0.504431
1.06176
0.256303
-0.11407
0.717632
-0.895589
-0.94803
-0.629153
-1.62805
0.64146
-1.57749
0.219245
-2.03247
-0.000541701
0.828906
1.88283
1.11333
-0.138803
-0.0503735
-0.258321
-0.533905
-0.854287
-2.53756
-0.595024
-0.289817
-0.125086
0.0253238
0.454417
0.505425
0.298043
-1.0876
-1.25761
1.4528
-0.482913
0.458986
-0.635659
-0.893474
-0.728253
-1.33699
1.03018
0.495594
1.28111
-0.173208
-0.0169924
0.0876881
0.977899
-0.982896
1.11136
-0.693499
-1.12732
0.144188
0.339499
0.355997
0.462772
0.098892
-0.195448
3.0183
1.64785
-0.584115
0.422995
0.234696
-2.27016
-0.222036
-1.31605
1.15092
0.890504
1.42315
-0.75209
-0.651575
-0.211327
0.648685
0.424228
0.240856
-1.3285
0.157915
-0.867311
0.850207
0.341374
1.30256
0.126941
-0.298433
-0.0571914
-0.337302
2.28526
-0.364285
-0.440418
2.56358
-2.37503
0.404978
0.099546
1.113
0.63807
-1.03386
-1.63652
-0.604573
0.420839
1.7082
-1.31256
-0.280106
0.197882
0.590383
0.893883
-0.0706582
-0.898199
1.5483
1.21095
0.875223
1.68734
0.803954
-1.2451
0.504329
-0.484105
-0.689234
1.46739
-0.516672
0.104983
-0.781383
0.683188
-1.15273
-0.535191
0.457739
0.252793
-0.717865
1.94444
-0.31596
-0.0131968
0.744933
0.347628
0.163357
0.297303
-0.651909
1.25586
0.187083
-0.0948802
0.653263
0.870263
-0.370398
-0.506155
0.520509
-1.77133
1.57134
0.605595
0.389479
-0.680318
-1.05204
-2.26721
0.531976
0.681785
0.800563
-0.628967
1.07482
0.724023
-0.235695
0.51441
1.4964
1.88715
-0.013374
0.805865
0.81384
-1.17947
-0.11088
-1.28755
-0.862481
-0.879215
-0.732167
0.40451
0.422305
-1.44301
-0.796527
0.0994325
-0.353558
0.952239
1.20367
0.258092
-0.32365
-1.29045
-0.452681
0.704271
-0.813022
2.02559
-0.416433
-1.16076
-0.536979
-0.192402
0.308222
1.30636
-1.18917
-0.382994
0.273755
0.938312
0.362319
-1.58978
1.3862
0.842228
0.335043
0.864625
0.189379
0.544879
-0.0419179
-1.27149
-0.63598
1.88489
-1.28835
0.873444
0.345435
0.8473
0.801638
-0.37438
0.658258
-1.00618
-0.187499
0.221247
-0.455649
-1.28669
-0.0916608
0.307936
0.198772
1.95491
-0.709248
0.30035
-1.06186
0.477633
-0.852163
-0.995925
0.367721
-0.127405
-0.202859
0.607772
0.407227
2.08322
0.3623
-0.389235
0.0355973
-1.1924
0.793837
-0.306016
2.66015
0.330031
0.098597
0.652696
1.02455
-1.16373
-0.14452
0.0386107
-1.01116
1.67177
0.765917
-0.272483
0.0532106
-1.82014
-0.410014
0.50146
0.466856
-0.275263
0.292533
0.105005
-0.291634
-0.438114
-0.809758
2.71249
-0.276873
-0.667676
-1.48708
-0.602015
0.575737
0.96498
-1.12288
-2.61784
0.530834
0.23798
-0.104996
0.24641
-1.3791
0.410943
-0.192233
0.461317
0.266389
1.19991
0.0505607
0.485027
-0.918913
0.442248
0.590329
0.0535595
0.360161
-0.132775
-0.496473
0.694645
0.694223
-0.308637
-0.820827
1.20003
-0.732352
-1.11384
-1.11229
0.201758
-1.47927
-0.683554
1.34667
-0.551902
-2.16206
0.56394
0.747599
-0.666115
-1.8295
0.0942183
0.498423
0.556091
0.0327863
0.88384
0.795013
1.35617
0.501405
-1.86762
-1.47828
-1.00878
0.882627
-0.812537
-1.19024
1.12138
1.73252
-0.645703
-0.528539
1.8295
-0.473247
-1.39935
0.425548
-0.406337
0.373287
0.0233913
0.258344
0.207963
-0.525874
0.113134
1.4467
-0.118743
1.96471
0.427783
0.380302
1.87928
0.569371
0.677557
-0.18972
-1.11881
-1.05212
-0.763612
1.26096
-0.193416
0.43203
0.133423
-2.78746
0.141683
0.580371
-0.101893
-0.653762
0.4438
0.220264
0.374389
-0.0282162
1.58796
-0.482648
-0.33133
1.78657
-0.355609
0.692197
-0.230736
0.117404
0.301034
0.462203
-2.16148
-0.167816
-0.952579
-0.8836
0.867866
-0.0172948
-1.47861
0.109258
-2.40079
2.11497
2.1983
-1.91498
0.830915
0.920121
-0.524727
0.48322
-0.814138
-0.506891
0.0883962
0.765098
1.05906
-0.486917
1.13928
-1.24663
0.504139
-0.546821
-0.637424
1.88076
-1.30567
-0.824891
1.33746
-0.63469
0.150776
-0.131434
1.07923
0.706306
1.38681
-1.41233
-1.70279
0.286121
0.423653
2.26668
1.13723
-0.877455
-1.35237
0.185602
2.01874
-0.0608743
1.70586
-0.763903
1.13142
-0.00925679
0.184416
0.532019
-0.22264
0.16329
-0.176446
-0.733995
0.546273
-0.287312
2.49493
1.81188
0.796507
1.01389
-1.16909
0.57181
0.154226
0.445248
-0.523703
-1.44557
1.1084
-0.649231
-1.27849
-0.256406
-0.671174
-0.140101
-0.727494
0.613946
-0.506928
0.184157
-1.97411
0.551729
1.21561
1.18728
1.60389
0.647503
-0.406597
-0.398473
0.532509
0.153702
0.187213
-1.37569
-3.17331
-0.931535
0.19568
0.735223
0.119441
-0.85951
-1.70305
0.979857
0.0836074
1.58927
-0.340032
-1.48109
0.712818
-0.382834
-0.716832
-1.68471
0.527937
-1.75645
0.627394
1.10728
0.0395798
0.31278
-0.574708
-0.383188
-0.703395
-0.751514
0.33366
-0.109919
-0.0162306
-0.0789997
0.532408
-1.27128
-0.510328
-0.170575
0.147264
-0.375016
0.391695
-0.6601
-0.709281
-2.52542
-0.405815
-0.213743
1.8046
1.08211
0.810871
0.759578
1.7487
-0.0517423
0.585819
-0.548703
-1.07691
0.907377
0.166236
0.153009
0.983183
-0.621265
0.276541
-0.268058
-2.81448
0.144249
1.49497
1.30093
-0.241572
0.452941
1.37872
-1.51918
0.653497
0.287806
0.578182
0.605773
0.346281
0.885694
0.620681
1.68211
1.87996
-1.13845
0.223769
0.295015
-0.919162
0.51361
0.917878
1.69529
-1.16278
-0.744728
-2.09848
0.00493398
1.00198
0.329197
0.334837
-2.33082
-0.170208
-0.757795
-0.367309
-0.732337
-0.221832
-0.606791
0.913335
0.278599
0.379559
-0.71997
-0.0019148
-1.33118
1.50236
-0.0134957
-0.976805
0.616705
-0.0499398
-0.111699
-0.71848
-0.630599
1.03302
-0.970268
-1.09892
1.1125
-1.04289
0.207949
-0.313444
0.0289046
-0.616161
-0.315095
-0.335774
0.810846
-0.413159
-0.388473
2.05598
-1.14386
1.37748
0.550482
1.96956
0.501011
-0.729468
0.611604
-0.527516
-0.0575348
-0.0581853
-0.570375
1.28966
1.28714
0.65691
-1.07168
-0.273745
-0.957896
0.226633
-0.881395
-0.940174
-2.49811
-0.0527674
0.446413
-0.128104
-1.49598
0.225303
-1.0068
0.692875
1.70702
-0.213406
-0.766786
0.541225
0.0541755
0.884872
-1.20643
0.713222
1.59789
-1.06728
0.306091
0.79106
-1.08305
0.234956
2.23264
-0.455752
-0.605403
-0.0628753
0.0211225
0.215019
-0.850946
-0.328099
-1.19104
-0.643529
1.61327
-0.865522
-0.391161
0.51663
0.961274
0.205712
0.681917
-0.558852
-0.553373
-0.818395
-1.38206
-0.828926
-1.20036
0.844561
-1.60097
-0.62639
-0.702782
0.324374
0.208037
0.518967
0.91428
-1.76566
1.86587
0.342041
0.833877
1.36111
0.742856
-0.321921
0.308588
0.779405
-1.22574
-0.306461
1.94581
-0.668278
-1.0514
1.61918
0.585004
1.34681
0.718203
1.1324
1.18432
1.07387
-1.33207
0.753189
0.436367
-0.26238
1.03078
-0.31509
-1.06659
-1.11165
-0.802602
0.0566296
0.0421075
0.139955
0.988113
0.145399
0.666754
-1.48869
-0.360482
0.679314
1.05457
-0.197605
0.1516
-0.97639
-0.367884
-0.971221
-0.723191
0.726239
-0.03394
-0.0252796
0.0565112
1.16474
-0.65356
0.748035
-1.47423
0.0887632
-2.90139
-2.20681
-1.58632
0.9046
0.561159
0.15282
0.0481128
-0.596681
0.356983
2.84151
0.8749
0.995629
0.0920321
0.748607
0.4782
0.352157
-3.08765
-0.31461
0.499043
-0.231388
0.214258
0.753465
-0.235191
-0.990975
-0.393162
-0.0014187
-0.370398
0.774821
1.42963
-1.7768
-0.0512971
0.424534
0.928445
-0.314652
0.313895
0.269532
-0.260296
0.689501
-1.90939
0.344585
-0.718476
0.948607
-0.71853
-1.37371
-1.26799
-0.406439
-0.429283
-1.18113
-0.618961
0.41045
-0.27478
-0.625833
-0.123274
0.405497
-0.325696
-0.937646
-1.28393
0.786331
0.430187
-0.846045
-1.21139
-1.3641
0.475177
-1.68387
1.16532
0.206746
0.67553
-0.424689
0.799152
0.631445
-1.72958
0.0715401
-0.743974
-0.049779
0.292379
0.525901
-1.40912
-0.320794
0.480454
-1.2442
-1.52876
-0.306416
1.21645
-1.55478
-2.21945
0.502482
-1.45563
-0.0336013
1.60493
-0.501348
-0.781554
0.0401779
1.47854
1.08388
0.677031
2.32225
-1.24276
0.564041
-0.897337
0.0352595
0.672052
0.865072
0.0782561
0.827217
0.0991713
0.699354
-0.61916
0.358537
-0.96336
0.141153
-0.192524
-0.343855
0.426525
-0.180458
0.236037
0.187045
-0.824323
0.145792
0.615366
1.6993
0.60671
0.77655
-1.4972
0.212597
1.42931
1.32328
-0.706111
-0.126911
2.84831
1.16014
-0.675
0.957427
-0.179599
-0.616505
0.109019
-0.882665
-0.97196
-0.658368
-1.87278
1.72096
-2.31763
-1.81537
-0.595432
1.03894
-2.00962
0.648298
-0.625891
0.849912
0.658223
2.24694
0.445026
0.212462
-0.365799
-1.04582
0.00642094
-2.26869
-1.30528
-0.797143
0.209754
-2.29554
0.822198
0.0933696
1.62665
-0.133301
-1.03014
-0.584322
0.812874
-1.2852
0.821637
-0.253694
0.171342
0.0915393
-0.224858
1.39639
-0.579653
-1.4747
0.548423
0.403958
-0.182893
-0.956246
0.539455
0.00177238
-0.27471
-0.910154
-1.58145
0.389144
0.458084
0.455731
-0.100687
-0.182507
-1.90335
-1.56259
-2.32776
1.95838
-1.11439
0.0829658
0.240593
0.515315
1.46534
-3.31607
-1.66344
-0.279511
-0.267054
1.17552
-0.429412
0.00411018
-0.0796718
-0.0597196
0.286002
-0.717919
-0.303289
0.393109
-0.903102
0.64286
0.615232
1.25987
0.351625
-0.664304
-0.388921
-1.53319
0.264765
-0.033548
0.62714
-0.13763
0.0671295
-1.25611
0.265327
0.295056
0.0202285
0.016646
0.253229
1.40348
1.47029
-0.80079
0.625749
-0.804017
0.379722
-1.23186
0.374063
-1.49433
0.0716014
1.01385
0.542378
-1.43856
-1.21266
-0.12524
0.970002
-1.39568
0.960154
-1.01557
-0.281163
0.304261
-0.925283
0.233711
0.27212
-0.167892
-0.606218
1.8993
0.0330207
1.29427
-0.130553
-0.213151
0.970201
-2.18073
-0.208333
-2.19375
0.755564
0.217863
-0.56878
-0.215178
0.00410716
1.56037
-1.87841
0.25327
1.58542
-0.472486
-2.38512
-0.264508
0.801344
0.246874
0.313483
-0.975209
0.193258
0.237974
-1.07102
0.948462
-1.45
-0.065334
0.0558919
-0.09475
-0.401184
-0.238138
1.73932
-0.545653
-0.750231
0.231342
0.872071
-0.026746
0.447863
0.126492
1.90269
0.512677
1.34938
0.690689
-0.834718
0.349816
-0.172768
0.17988
-0.782384
-0.711238
0.119141
-1.10441
-0.603842
1.44889
-1.69318
-1.62424
-1.10859
0.580686
-0.122099
-0.601276
0.220611
1.00893
0.640066
0.414245
0.113882
0.381941
0.332753
0.796989
-0.697144
1.70583
0.27586
2.05295
-1.31754
1.722
0.0207675
-0.893803
-0.594935
0.898692
0.149413
-0.399598
0.191122
-1.53212
0.98801
0.69941
1.5779
-0.272744
0.716296
1.20891
-1.48965
-0.406091
-0.657656
-0.356674
-0.667348
2.29918
1.09367
2.33387
1.12141
-1.02264
-0.758877
1.53826
-0.910325
0.124987
0.710762
0.6478
3.61738
1.95631
0.355903
-1.68015
-0.194947
-0.48298
0.920086
0.501469
-0.428768
0.194422
0.878732
-0.13874
-0.238976
-0.323408
2.43037
2.10859
-0.461989
0.356631
0.574912
-0.0291443
-0.526748
1.41375
0.778631
0.294806
0.320295
0.810412
-0.236519
0.227818
-1.37323
-0.950266
0.0942851
-2.50929
-0.139389
0.976606
-0.21452
0.403603
-0.488034
-0.487425
0.944823
0.844605
-0.498495
-1.44356
-0.320489
0.265536
1.53911
-0.411586
1.34049
-1.0566
-0.0714421
-0.248637
0.015254
-0.0443103
-0.690589
0.973025
-0.600757
0.261268
1.31061
2.19606
-0.48068
-0.648004
1.20327
-1.07945
-0.28591
0.0115161
-0.101641
-0.948975
-0.488431
-0.397344
-0.105712
1.55059
1.42602
0.2543
0.612958
0.329104
-1.14466
-0.346806
-0.0200716
-0.589991
-0.278939
0.363742
-0.149407
-0.809604
0.73273
0.431534
0.330838
-0.0838317
0.814146
1.14407
-1.32513
-0.436904
-1.3837
0.144865
-1.23728
-1.56241
0.321853
0.837273
0.739349
0.226377
-1.03361
0.108763
-0.345694
1.12894
0.498625
0.257706
-0.872712
-0.478237
0.665764
0.588062
1.38344
1.83195
-0.245536
1.33149
0.95702
-0.0699055
2.66434
-0.961104
1.33037
0.117176
-0.0327081
0.560188
-0.4975
-0.558206
-2.07283
-0.773493
-0.998041
0.100314
0.865332
1.1158
1.41609
-0.609748
0.945064
-0.887056
0.35486
0.984037
0.352923
-1.55975
1.96689
0.919039
0.775191
-0.909472
-1.2175
0.00270488
-0.95575
0.73739
1.45531
1.36911
0.373029
0.960691
0.792067
-1.1718
1.19198
0.682345
1.17387
-0.643869
1.16752
0.459647
0.710352
-0.427192
-0.64263
-0.814241
-0.445082
1.28327
-0.705513
0.0453342
-1.39481
-1.46808
-2.14346
1.8282
-2.28064
0.817329
-1.037
1.57597
0.574573
-0.55234
0.562171
0.457539
-1.00426
-0.557979
-1.03188
-1.13455
0.707618
-0.664614
0.610841
-0.229299
-1.33322
0.0160479
0.3224
0.379154
-0.922337
0.541336
0.752012
1.7387
0.55597
0.0693175
-0.0110754
2.03714
-0.156802
-0.865414
-0.00064846
0.310247
0.116087
-0.561898
0.131778
-2.14644
-0.637056
-1.38091
-0.341581
-1.72823
1.40869
1.47049
0.11612
0.0541815
1.50918
-0.800773
0.839439
1.25005
0.50437
2.57498
0.37876
0.113052
-0.684942
-0.548042
-0.313806
-1.00988
0.597888
1.90132
-0.138876
1.14358
1.63928
-0.745044
0.319686
-0.29524
0.651496
-0.504714
-0.306704
-1.04034
0.825888
-0.431223
-1.06228
-0.131017
1.82057
0.473253
0.0216547
0.94404
0.46255
0.51624
2.68542
-0.987926
-0.984454
0.93612
-0.551504
1.14004
1.02782
-0.904186
1.52258
-2.34613
0.309212
-0.182824
1.12661
-0.8602
-0.326226
1.76931
-1.03443
-0.000196872
0.0850192
1.01696
-0.71294
-0.660047
-0.903096
2.39744
-0.292422
-0.0517069
-0.0973376
-0.588874
-0.096501
0.729673
0.716802
-1.08221
-0.775154
0.550011
-0.0367138
-0.408501
0.536399
-0.880187
-0.408074
1.64586
0.296184
-0.606644
0.42532
1.84077
0.49485
-0.686735
0.132648
-0.162906
-0.663801
-2.21904
-1.21151
1.97431
0.48323
-0.496228
2.0676
-1.67873
0.423642
-1.7394
-0.152823
-0.930332
0.791684
0.362152
-0.373499
-1.41983
1.22562
0.872725
0.356962
-0.175206
0.74952
0.973216
1.64484
-0.0398337
-1.23892
-0.455287
1.30433
-0.188984
-0.42197
-1.23775
-0.443987
-0.201171
-0.573783
-1.28513
-0.133804
0.190681
-0.150848
-1.06858
-0.101134
-1.46571
-0.990528
-1.47742
0.0379533
0.272456
-0.00682317
1.32275
-1.04127
-0.178355
1.1815
1.94651
-0.438773
-0.353697
-0.236767
-1.27456
-0.104585
-1.20108
0.659202
-0.359211
0.459835
-2.85834
-1.78915
1.5078
1.24818
1.59386
-1.29394
0.499051
0.777214
-0.352335
0.120147
-0.737892
0.267345
-0.283627
0.250875
0.965492
-0.943683
1.11797
-0.867678
-0.697355
1.37457
1.84097
0.0393858
0.0198234
1.52943
0.783324
0.159137
-0.0619926
-0.064056
-1.10766
-0.0410727
0.176055
-0.929778
0.329278
-1.60028
-0.00631334
0.585489
-0.388085
-0.319604
-0.401676
-0.293174
0.196576
1.28263
-0.101458
-1.03029
-0.946476
0.568055
-1.9668
-1.01033
0.474993
0.551706
-0.245879
-0.314349
-1.08395
-1.52015
0.0662079
-0.682571
-0.366881
0.532791
0.528326
-1.39811
-0.297476
0.345164
1.67798
-0.136478
-0.390635
0.17836
-0.0978147
-0.122693
-0.831576
0.834509
1.53527
0.803628
-0.823614
0.881611
-1.00783
-0.975354
-0.418328
-0.631499
0.087003
-0.0712927
0.693505
-2.72507
-0.776143
-0.178135
-1.30733
0.54262
-0.901568
-1.06754
-0.203779
-1.08287
-0.212759
2.658
-0.843353
0.376177
0.521241
-0.87719
-0.433714
0.452909
-0.944487
0.351522
-0.996262
-1.20684
0.542744
-1.13953
0.267659
0.810697
-1.10431
0.819245
-0.00492172
-1.28233
1.00082
-0.660702
-0.863153
0.985739
-0.489154
0.474935
-0.596154
1.16397
0.962726
1.7174
0.357797
1.37591
1.02419
-1.20835
1.75707
-0.0974
0.198434
-1.2535
-0.793889
1.38858
-0.341277
-0.293041
0.604212
-0.592418
0.375781
-0.977688
-0.37199
0.957298
-0.227627
-0.302912
-0.37771
-1.063
-0.62348
-0.806675
-1.03513
1.03917
1.97129
2.75626
-0.247027
0.370117
-0.260274
1.05908
0.0270137
0.55641
-0.722578
-0.932008
0.0904026
1.17426
0.596543
1.199
1.16342
-0.996434
0.84892
-0.987968
1.17912
0.307509
1.27133
-0.416117
0.173965
-2.40929
-1.42233
0.136713
-0.0740229
-0.441525
0.739056
-0.507226
1.4786
-0.69721
-1.97567
-1.83459
-1.6364
0.598838
0.111142
-1.49134
-0.80717
-0.628005
-1.32084
0.512088
-0.154274
-0.323911
-0.325957
0.344504
0.750494
1.02141
-0.400782
-0.125072
2.98865
1.02575
0.562593
0.504905
0.346124
-1.64531
-1.14367
1.3429
-1.13459
-1.43978
0.328217
-1.12749
1.5547
-0.81052
-0.617048
0.227646
-0.681848
0.162526
0.809509
2.44366
-2.33722
-0.700705
-0.997289
1.76072
1.06388
-0.816527
-0.103271
0.790288
-0.708037
-0.188887
1.75559
0.969682
-0.195967
-0.274084
-0.916302
0.472695
0.317696
-1.28745
0.358131
-0.417886
-0.211176
-0.740758
0.109293
3.16426
-0.718408
-2.59234
2.16884
0.0312631
-1.41187
-1.27861
-0.694896
1.47656
0.971314
1.33783
-0.603305
0.0788849
-2.80871
0.302098
0.874229
-0.933893
-0.4484
-1.19509
-0.391232
-0.738244
0.113578
-0.359768
0.411965
0.84619
-1.3654
-2.06378
-0.354506
0.612438
0.111981
0.480041
-1.00806
0.223124
-0.764073
-0.69136
1.00243
1.40746
-0.0803784
-1.26914
-1.80967
0.156855
2.08531
-0.984533
0.650499
-0.366723
0.236163
-1.45031
0.906617
0.434818
1.02556
-0.996058
-1.04333
1.72403
1.24795
0.417564
-2.06829
0.594509
0.589392
-0.503565
0.424706
0.0442047
-0.126642
0.298895
-0.0344249
-2.02206
-0.854715
2.19892
-0.537393
0.0839785
0.851961
0.439498
-0.719289
0.652484
-0.582494
2.34079
0.155883
1.01584
1.15309
0.949085
-2.10648
0.580062
0.650417
1.88936
0.347966
0.0622686
0.0640983
0.291543
-0.148488
0.839948
1.05533
-0.0824676
-1.86905
1.406
-0.854409
-0.783564
-0.0374912
0.571382
1.37541
-0.397299
-0.470841
-0.29826
0.287489
-2.27059
-1.15712
-0.847095
-0.0141651
0.850761
0.165833
0.684659
0.846507
-1.21658
0.954199
0.0489451
-1.48674
-0.604966
-0.47143
-0.60571
-0.129735
1.8094
-0.234074
-0.249516
-1.53667
-0.0209136
-1.84317
-0.392588
-0.0800906
-0.619311
3.06404
0.33954
-1.14067
-0.439538
0.748572
2.04171
1.00062
-1.42478
0.587617
1.15267
-1.06922
0.27361
-0.664044
1.14202
1.34691
0.758507
-0.239143
1.58211
-0.103987
-0.193204
0.215352
0.531647
-0.379315
-0.435139
1.04594
1.24802
0.219813
0.467572
-0.211562
-0.881139
0.298494
-0.464939
-1.69797
-1.74291
-0.238279
-0.433733
-1.39706
-2.12468
-0.656177
-0.317405
0.779229
1.05013
-0.111653
0.14517
0.845524
-1.71101
0.0975282
0.207568
-0.856659
0.267764
0.0211416
-0.504544
0.142533
1.7114
0.0295574
-0.327436
-0.138565
-0.00759308
0.935393
-0.0457204
0.387962
0.566164
-1.97495
-0.124385
1.2314
0.300207
-0.727696
1.24844
0.611303
-1.98136
-0.311545
-1.05057
-1.0454
-1.2355
-0.659759
-0.852884
-0.23358
-1.45807
-0.187648
0.143282
0.680686
-0.304992
-0.896136
-1.11676
-0.764884
-0.420966
2.05635
-1.16803
-0.873107
1.10401
0.188117
-1.56228
-0.744817
-1.29175
-0.130648
-0.509612
-0.27181
-0.185933
0.0340713
-0.419547
0.730751
-0.151388
1.10282
-0.716418
0.350228
0.363882
2.05695
0.515214
-1.43643
-0.129558
1.3025
-0.430872
0.254063
0.785211
0.886168
0.145874
-1.75074
-0.69507
-0.68487
-1.25233
0.812147
0.114057
0.595526
-0.432104
0.597442
0.834964
-1.02267
-0.139435
0.627227
0.207378
-0.860925
0.704729
1.46189
-1.03145
-0.543873
0.980827
-0.0235754
-0.748252
0.607616
0.315849
-0.117933
-0.580116
-1.77499
-0.0610478
-1.13241
0.423184
0.0655769
-1.00287
-0.591353
-0.827496
0.794473
0.154977
-0.416133
0.874929
-0.513385
0.609922
0.879627
-0.0413758
-0.492985
-0.415673
-0.474838
0.315478
1.39973
0.150254
-0.741351
0.963608
0.626505
0.687529
2.2751
-0.0431404
0.523298
-1.69959
-0.788334
-1.6428
-1.75927
-0.316657
1.11544
0.113714
-0.218086
-0.088808
0.295434
-0.0275658
-0.353896
1.35266
0.182914
-0.796615
0.0834219
3.11071
0.495611
-1.29759
-0.667227
-0.296839
-1.93305
-0.899206
1.09232
0.00300138
0.428867
0.855463
-0.0523614
1.26071
2.03658
0.890631
2.36463
-0.134516
1.29792
-0.148761
0.996617
-1.6808
0.253942
-2.51352
-0.969322
1.17489
0.00364191
-0.867358
-1.20648
-0.35753
-1.16515
-0.407066
-0.41482
0.635144
-0.60032
-0.615882
-1.24993
-0.226565
1.70209
-0.564595
-0.49773
-0.100652
0.0947489
0.744513
-0.998711
0.0514654
0.0556735
0.260972
-0.0254704
-0.668906
-0.0114323
-0.77037
-0.138373
1.41153
-1.62708
-0.463469
0.197234
-0.99183
0.442385
0.500161
1.20659
-0.453313
1.17389
-0.664794
2.13471
-0.538274
-1.16572
-0.321495
0.432195
0.450686
-0.725719
-0.0973497
-0.0317528
-0.0330883
-0.63119
-1.72852
0.776173
0.662495
-1.31988
0.229303
-0.237436
0.534716
0.461542
-0.520883
-0.772656
0.771963
-0.507597
-1.28529
-0.211244
1.5198
0.304793
0.184518
0.467493
1.11336
0.00486766
0.508895
1.5631
0.0716405
1.21541
0.322427
-0.129552
0.64114
0.116531
-0.908141
-0.561069
-0.985597
-1.06998
-0.197452
-0.218915
-0.385186
0.762505
-0.0667645
0.206754
0.868434
0.0946809
0.109964
1.49285
0.621386
-0.315502
-1.41596
0.293742
0.133688
0.670914
-0.864601
1.80218
-1.11703
-1.00709
0.466015
-0.49981
-0.868302
-0.0959706
-0.493001
1.46623
-0.932237
-1.57083
-0.337185
0.101373
1.48346
-1.58248
0.205285
-0.376593
0.90722
-0.670783
0.448232
1.36748
-0.02444
1.04615
-0.394384
0.773212
-0.761674
1.13475
-0.351126
1.14521
-0.80463
0.0526409
-0.0438592
-0.479827
0.394516
0.297354
1.17729
-0.0326734
-1.77466
0.653225
0.866012
0.857119
-0.175896
0.78318
-1.06393
-0.358021
-0.734039
-0.421027
1.9724
1.59785
0.585315
0.132899
0.369329
0.792043
0.841168
1.28972
-0.125464
-0.564774
-1.01557
0.312167
-0.0705922
-0.661062
2.48418
0.0704604
-0.327587
-1.51945
0.114728
-0.886088
0.69475
1.2862
-2.15777
-0.274529
0.503032
2.44245
-2.38707
0.381068
-2.14505
0.413273
1.1786
0.612206
0.0330113
-0.241937
-0.196024
0.0665714
-1.13025
-1.71425
-1.26913
-0.843374
0.768878
-0.698383
0.0332377
0.823345
-0.828839
0.252357
-1.39057
0.677444
-0.0114764
2.02649
2.02768
0.828154
1.87512
-0.933949
0.909133
0.837702
0.274957
-0.422
0.567407
-1.44478
-1.70514
-0.349703
-0.13285
-0.24193
0.378272
0.109627
-0.562464
-0.578689
-2.85967
-0.308857
0.712339
0.839555
-2.38005
0.427956
-2.34874
1.37874
-0.0474727
-0.181313
-0.458463
0.143192
-0.478555
-0.562879
0.645005
1.7581
1.3129
0.398333
-0.0204852
0.40021
-0.786392
-0.0780484
0.448377
-1.60409
-2.51815
1.73907
-0.441285
-2.0326
1.08322
-0.513493
0.0214543
0.622669
0.285745
0.250038
1.14059
0.140398
-0.689394
0.436391
-1.08243
-0.165073
0.996375
-0.498964
1.27116
-2.20609
-0.810452
-0.656863
1.11302
-0.10337
-0.536021
-1.94607
0.527513
1.3121
0.142477
-2.01973
-1.61898
-0.477884
1.11939
-2.12792
-0.233582
1.51696
-0.0529518
0.271877
0.321964
-0.338784
-2.01525
-0.671446
-0.409676
-0.857774
-0.0315851
-0.474426
0.826408
-1.13966
0.830573
-1.10808
1.28551
-0.321952
-0.746007
1.06873
-1.42497
0.426818
0.0211494
0.626947
-2.0522
0.0602905
-0.690839
0.517465
1.2041
1.11241
0.621647
-0.275657
0.0054373
0.0729421
0.171638
-0.602243
0.496942
1.93211
-1.81607
1.29292
-1.27759
1.10702
0.258347
-0.504201
1.11044
-0.286911
0.583971
0.518633
-0.693494
-1.42755
0.433324
0.602162
-1.61221
0.0903633
0.839891
-0.946675
0.688761
0.27735
0.221361
1.71962
2.00624
3.47408
-0.600815
0.360169
0.21005
-0.682253
-1.11619
-0.974839
-0.866823
-0.723958
0.979899
-1.33535
-1.4541
-1.47786
0.741111
0.649797
0.551088
-1.05649
-1.39415
0.12641
-0.110182
-0.171597
-0.19424
-0.882928
-0.0458238
2.29946
-0.527967
-1.45622
-0.0292766
-1.60949
0.0612448
-1.01571
-0.292119
-0.585643
0.635304
-1.15481
-0.0277469
2.06924
1.817
1.19772
0.399805
-1.51131
1.47875
-1.85134
-0.334874
1.24392
-0.395366
-0.345427
-0.708511
-0.677449
0.330379
-1.01513
1.89226
1.24024
-0.162301
0.21809
0.02269
-0.237059
-1.21312
0.896237
-0.127767
0.180801
-1.10143
0.508449
-1.42171
0.380721
0.130351
-0.357352
0.874266
0.418897
-0.299675
-0.0425278
0.505486
0.882702
-0.608441
0.966562
-0.0134004
-0.556752
0.0767656
0.321895
-2.59504
1.07075
-0.643281
0.608591
-0.851908
-0.415146
-0.961658
-0.605995
0.626244
-0.393712
-0.183262
0.911115
-0.0806138
-1.83713
-1.05104
-0.343341
1.31742
-0.735205
1.66273
0.275525
0.338963
1.09952
-0.513665
0.304745
-0.197639
-0.645075
1.36463
-0.582288
2.52202
-1.60102
0.543515
-1.07807
1.23713
1.91604
-1.52165
-0.469861
2.14197
-1.71665
2.01365
-0.978833
0.506086
-1.35496
0.958386
0.21537
-0.612325
-1.70177
0.373636
0.835578
0.13779
-0.908769
0.953126
-0.30517
-0.493897
0.180985
0.050534
-1.18054
1.38945
0.0303143
0.152791
1.01612
1.20705
0.442854
1.8594
0.875994
0.909674
0.129248
-0.535452
-0.700576
-0.225899
0.939148
-0.805996
-1.01821
1.50441
1.03198
0.407038
-0.546872
-0.564751
-0.445982
3.00113
0.533298
0.0876576
1.23177
-0.302377
-0.965997
-0.93292
0.114263
-1.22591
-0.355141
-0.166443
-0.579929
-1.59781
-2.55337
1.58002
0.228287
-0.772708
0.39365
0.831075
0.676147
0.633738
-0.763509
1.05885
0.622661
0.185244
1.48318
-0.879345
0.527116
0.278227
-0.391861
0.321249
-0.654344
1.50016
-0.866514
0.977143
-0.660548
1.1245
-0.986181
1.02164
1.5057
1.69232
0.320525
0.259482
-0.363467
0.533278
0.145735
2.10877
-0.159697
-1.3223
0.386193
-0.381719
0.752317
0.424935
-0.914054
0.603053
-0.767343
-0.213248
-0.80495
-1.6049
1.22402
0.293857
-0.622662
1.88844
0.592688
1.70166
0.550384
-0.0622932
0.80052
-0.402911
0.392369
1.39851
1.3456
0.0985131
-0.792292
0.62166
0.360514
-0.0605152
-0.11097
-0.119671
-0.408054
1.46967
1.18074
0.548786
-1.84075
-0.643495
1.60853
-1.13236
-0.0389738
0.0263006
-1.1528
0.787184
-1.45707
0.823776
0.883623
-1.05133
1.7285
-1.19466
-0.276529
1.69093
0.997896
-0.198636
1.30703
-0.993876
-1.75322
-0.880377
1.20519
-0.638629
-0.471707
1.52151
-2.48227
-0.880689
0.439558
0.318968
-0.20888
0.426208
1.24167
-0.259746
2.27018
-0.594526
-1.0731
-0.633023
-0.414027
-1.09163
-0.460627
0.887376
-0.530079
0.548964
0.0137554
0.0196684
1.42567
-2.29611
0.167595
0.383478
0.100984
-0.490816
-0.737067
-0.105048
1.08823
0.74449
-3.47991
1.22047
1.09674
-0.742698
-0.465827
-0.342156
-0.223595
1.62547
-2.13316
-3.35791
0.425666
-0.953593
-0.193128
-0.758249
0.222688
-1.89961
0.64367
0.53508
0.677124
-0.0859597
2.36393
-0.740865
1.71935
0.0133918
-0.550387
-0.202588
1.23372
0.129903
0.0742364
-0.129828
-1.61838
0.905299
-0.509679
0.43153
0.701117
-1.21812
0.465091
1.23614
-1.24083
-0.920046
-1.62882
0.0699441
2.5972
1.04135
-0.833896
0.0529442
0.50497
1.29222
0.371993
1.10256
-0.771372
-0.612786
0.0680058
0.298931
0.741902
0.256205
-1.37568
0.788638
0.573783
-0.0796123
1.29395
-0.484122
0.424775
-2.68349
-1.73475
0.792304
0.198688
-0.146478
0.907917
-0.272058
0.361628
1.03037
-0.0424401
-2.57947
2.0062
0.582152
-0.139882
1.00977
0.494487
0.757209
-0.3555
-0.698633
-1.42247
1.13819
0.075839
1.08365
0.648923
0.779899
0.117805
0.522705
0.185077
0.436345
0.719649
-1.87555
0.542044
-0.0874919
-1.11326
-0.484401
-0.348435
-0.915605
-0.968295
0.309682
1.02482
-0.117386
0.0789415
0.44392
0.614966
0.701248
-1.39776
-0.00534534
1.0966
0.910798
-0.956893
-0.370816
1.75504
0.160717
-0.191073
-1.49253
0.280672
0.0371323
-0.0134288
1.34395
-0.0711634
-0.719738
0.494394
-0.496401
-1.21322
0.269274
-0.134348
0.113633
0.428376
0.605443
2.83137
2.97066
0.808714
-0.569183
0.175538
1.92274
0.183901
-1.65722
-1.38839
0.387287
0.713296
-0.722085
0.270941
-0.424399
-0.111138
-2.06351
0.743354
0.409612
-1.43237
0.557285
0.584871
-0.398384
0.375407
-0.0556445
1.10661
-0.425975
-0.871052
0.0530416
-0.161627
0.0106998
-0.575669
0.804156
1.53816
-0.275388
-0.650174
0.623972
0.373188
-0.298509
1.62482
1.24262
-1.19017
1.48638
0.104025
-0.0805228
-0.558714
-1.84763
1.17403
0.413067
-1.24619
-0.510645
0.567808
0.832614
-0.217926
0.285119
1.0052
-1.65513
0.724374
-0.790646
0.401542
-0.937853
0.0270206
-2.39906
-1.66973
1.05216
0.71875
-1.25837
-0.076378
0.115098
1.09412
0.24472
-0.502249
0.62163
-1.7281
-0.164094
-0.469693
0.82431
0.813463
1.03569
-0.199391
-1.11918
-0.671363
-0.538459
-0.0476849
-0.241293
-1.25371
1.65286
0.779514
-1.05708
0.679876
-0.119255
2.06142
0.130638
-0.702971
-1.41422
-1.06403
-0.64042
-1.47383
-0.70563
1.11411
-0.100847
-0.149946
0.585484
-0.693866
0.816593
0.647378
-0.875639
0.761035
-0.108077
-0.4438
0.336955
0.924846
-0.216563
-0.615234
0.61121
1.02897
-1.16245
1.57513
0.655671
0.892244
-0.422943
1.32806
1.09455
-0.61439
0.284991
0.298851
-0.290048
0.272624
-0.913151
-0.984956
-1.02683
1.31049
-0.235795
0.176068
0.241034
0.197929
0.860702
-2.06624
0.264638
-0.156859
0.915933
0.336297
-0.163416
0.292663
0.444519
-0.220093
-1.35087
0.718921
-0.863557
0.363841
-0.933238
0.471613
0.598662
0.447679
1.68138
0.18884
0.950783
-0.407481
-0.519412
-2.38426
-1.2537
-0.642932
-0.843301
0.303081
2.2261
-0.784477
0.0302816
0.978616
-2.03198
0.386082
0.221405
0.852903
-0.0645304
0.129969
0.38062
1.58292
-0.355036
-0.182508
-1.10964
-1.2137
0.174383
1.7645
-0.268376
0.657543
-2.2029
-0.0372234
0.191429
0.599297
0.313486
-1.62847
0.587001
1.42954
2.0725
0.24491
0.0725774
1.48642
1.32481
-0.291522
-0.449522
-0.0884894
-2.38058
-0.486601
-0.546333
-0.8652
1.73995
-0.768182
-2.12107
0.381811
0.78776
-0.636657
-0.89291
-1.04248
-2.22929
-0.902495
0.11149
-0.216442
0.0900057
0.815534
0.660903
1.30301
-0.0372476
0.241172
0.238123
-1.89374
-0.873451
-0.338167
0.717355
0.216102
1.36694
-1.14194
0.602813
-2.08081
-0.811486
0.37165
-0.991194
1.18509
-0.0457444
0.0813223
-2.46658
0.478997
0.0156129
-1.03604
0.782791
-0.309951
1.91189
-0.217364
-0.481744
-0.0946486
-0.617577
0.580003
0.0979522
0.901472
0.709597
-0.58605
0.30235
-1.30528
0.608354
-0.0128732
0.342096
-0.289153
1.15566
-0.575129
-0.229488
0.968934
-0.774394
-0.350052
0.239009
0.424286
-1.14377
0.311902
-0.0579701
-0.371165
0.698851
-0.274961
-0.622376
-0.518487
0.154499
1.58606
1.90313
-0.54554
-0.259557
0.153195
-0.0790038
-1.3232
-1.18881
-1.0619
-1.82818
1.06172
-0.380308
1.53653
-1.28481
0.695199
-0.0289879
0.306399
0.878724
0.749475
-1.29543
0.145627
0.0507114
1.39674
0.117264
-1.71058
-0.691675
-1.1922
-0.223086
1.86325
-0.38106
0.349881
-1.40742
-0.110869
0.0245525
1.79479
0.801094
1.51427
0.0267776
0.0775269
0.207258
1.30823
1.55835
-0.529282
2.83199
-0.953389
-1.22203
1.24109
-2.19753
0.471222
-1.70384
0.782719
0.108427
0.819983
-0.526311
-0.551346
1.68278
0.0104075
-0.320807
-0.932378
-0.590548
1.53008
-0.241237
-0.45615
0.744613
0.422409
0.82245
0.509992
1.06953
-0.561264
-0.0273284
-0.00629377
0.104058
-0.918963
-1.13868
0.275807
0.4059
-1.51866
1.31181
-0.349179
0.251904
0.791389
-1.01861
-1.54801
-0.741013
-0.0622982
-0.550491
-0.447981
0.620899
0.789953
1.66348
0.0996497
-0.809018
0.776915
2.68958
0.759223
-0.827379
1.66719
0.171447
-0.516736
0.914726
1.04223
-0.578221
0.209834
-0.496573
-1.76569
-0.596984
-1.44288
0.835483
-0.300981
1.09202
-0.0702714
1.28407
0.800573
0.0273293
0.182612
0.776536
-0.351328
-0.0165644
0.694226
-1.04226
-1.36742
0.165427
0.670194
0.0508274
0.646557
-0.53667
-0.160774
0.499356
-0.855881
0.514134
-0.826721
1.39976
-0.833225
-0.631196
0.410236
-1.20646
0.862731
1.08748
1.23565
-1.11514
-0.19993
-1.55048
-0.808633
-1.13499
0.0223707
0.281753
0.536847
-0.7637
-0.540533
0.44273
-0.0320741
-0.813827
-1.44861
2.20416
-0.662812
-0.506714
0.574123
1.10002
-1.21392
0.373002
-0.749622
-0.920477
-0.0180361
0.531676
0.368936
-0.689822
-1.43294
-0.8341
0.845829
0.679876
1.06126
0.441592
0.189989
-0.730034
0.804258
0.754141
-1.21123
-0.560176
-0.806093
1.35048
-0.805468
0.717883
0.418359
1.52352
-0.343897
1.4797
-2.19418
0.608779
2.32725
-0.28596
-0.0503433
0.288872
-0.124998
-0.509183
1.42856
0.372488
0.926131
-0.226663
0.480328
-1.12087
0.926314
0.178438
0.0552613
1.6899
-0.360087
1.33004
-1.06607
-0.804108
2.05156
0.396263
-0.446029
0.784602
-0.336816
1.98008
0.477658
-0.988718
-2.07378
-2.1298
-0.358501
0.508571
-1.04446
-1.17403
-0.285111
1.16467
0.40829
0.799849
0.533747
0.16514
1.1895
-0.813815
1.03142
-2.27931
-0.182602
-0.179177
-2.13351
0.370913
-0.586913
-0.292751
-0.92146
0.635477
-0.523861
-0.865311
-0.881244
1.26481
2.05202
0.647445
2.78401
-1.21223
0.325032
-0.600976
2.33252
-0.558164
0.603412
-0.0415167
-0.0730925
0.313033
1.70019
0.720523
1.38559
1.72029
-0.633794
-0.0385177
-1.93779
-0.286377
-1.57174
-0.244706
1.25484
-1.10645
0.485115
0.723274
0.365389
-0.417613
-0.278949
0.19875
0.308955
-0.399998
0.0995091
1.41459
-0.828923
0.444872
0.812413
-1.60464
0.975499
-1.15531
-2.52941
-0.022592
0.503204
-0.176974
-0.64532
0.500621
-1.42433
0.598232
-0.274457
-0.393844
0.139551
0.899505
-0.0315439
0.854253
1.26437
-0.00675478
-0.148214
0.768554
2.4287
-0.115105
1.70347
0.678042
1.74986
-0.287649
-1.92028
-1.39866
0.249004
-0.556667
-0.381769
-1.37665
-0.263913
0.0874428
0.469195
0.348037
-1.46908
-0.932377
-0.0449819
1.34259
0.693728
-0.0729992
-0.0851853
0.415675
1.08019
1.08019
1.13894
-0.614668
-0.242635
1.2213
0.232156
-0.736838
-0.746024
0.401037
0.672132
-2.83366
-0.0175581
-0.532512
0.21597
-0.342746
2.02825
-0.041837
-1.54525
1.75833
-0.522485
0.466663
-1.16011
0.0313014
0.528392
1.31079
0.717331
0.900331
2.04778
-0.919349
1.53706
-0.0999196
0.316056
0.339649
-1.00222
-0.0267576
0.014829
0.833674
0.401268
0.193337
0.0659419
-1.50046
-1.61177
-0.0202821
-1.18295
0.619676
2.46018
0.51003
-0.0655576
-0.790482
0.577032
0.429145
0.569177
-0.450816
-0.482044
-0.112271
-1.1958
-1.51061
0.117595
0.97324
-1.16652
0.105604
-0.483801
-0.392472
0.449487
-0.355413
0.131809
-0.728489
0.242274
0.571529
0.11662
0.186468
0.596355
-0.651032
-0.513437
1.10199
-0.232475
-0.339145
-0.59413
0.667247
0.603353
-1.75098
0.423427
1.40973
-1.01861
1.80153
-1.06713
-0.430151
0.938585
-2.37564
-0.190697
1.29828
-0.887144
1.35907
-1.11015
-0.628066
-1.49119
-1.47304
-0.316045
0.248207
-0.331416
0.669029
1.48304
-0.276819
-0.541092
0.665616
-0.917938
-1.52799
0.766342
0.211322
-0.309188
-0.257347
-0.925519
0.109174
1.50442
1.40523
-1.33951
-1.03714
0.232105
-1.13161
-0.972912
0.645994
-0.304755
-0.460705
0.428521
-0.427717
0.19642
0.70532
-0.699184
0.482352
0.733781
-1.18038
-1.11195
0.0710872
2.21957
-0.640914
-0.273078
0.996009
0.0749186
0.222354
1.73251
0.0626718
-0.722756
0.0102152
-1.21452
0.359609
-0.322167
-0.77962
-0.00979416
0.211684
0.498463
0.627853
0.109505
-0.844298
2.3008
0.598801
-0.774731
-0.304923
-1.16858
0.567476
-1.4663
0.417666
-0.376525
-0.0548133
-0.389881
0.894269
-0.542796
-1.42811
0.466584
1.33766
-1.10741
0.341856
-0.808553
1.57542
0.499271
-0.341855
0.338785
-0.209491
0.093864
2.17864
-0.486504
0.195786
0.779289
0.186971
0.0820788
-1.7508
2.93272
-0.0355659
0.646443
0.991237
1.24322
-0.284813
0.27694
-0.601216
0.466497
-0.557745
-0.200471
-1.98382
-0.299039
-0.940993
-0.265875
1.86999
-0.929022
0.943343
-0.9059
0.49905
0.926477
1.59
-1.46366
-0.0349254
-1.27085
-0.212549
-0.139518
-0.697013
-1.23027
1.30322
1.76856
-0.206972
-1.05148
0.303844
-0.324726
0.429025
0.306547
-0.0911305
-0.432407
0.210424
-0.723624
1.08074
0.277878
1.36605
1.32466
-0.169219
-0.0120261
1.91449
-1.13951
0.736472
-0.183404
0.202022
-2.18822
0.00729011
-0.348671
-0.395676
-0.791834
1.30616
-0.403087
1.73466
-0.993005
-0.370877
-0.630011
2.33109
0.789066
0.944577
0.605611
-1.99699
-0.706637
-0.233463
0.759723
0.72705
0.337205
1.40028
0.484149
1.01012
-0.219747
0.131658
1.48243
-0.426623
-0.348462
0.664983
-0.502468
0.0861834
-1.4498
0.332083
-0.248863
-0.205025
1.03966
0.139546
0.470988
1.99784
-1.15066
0.114494
0.817022
-0.534307
0.413494
-0.634332
0.344718
0.823589
-0.105696
1.83685
-0.190589
-0.399169
-0.10252
-0.380802
-1.90987
0.762087
0.723362
-1.60189
-0.440283
0.370003
0.69716
-0.864857
-0.444282
-1.04388
0.0875611
-0.382075
0.443244
0.444548
0.72276
-0.160293
0.557485
-0.825117
0.391321
0.372416
0.124872
-0.00489739
0.931888
0.372216
0.813401
2.11468
0.710708
1.58727
0.690298
0.0416037
0.583754
0.094617
-0.525146
-1.33268
-2.85966
1.22845
0.10161
-1.21407
0.264819
-0.512252
0.949697
-1.19496
-0.493373
0.475762
-0.736754
-0.822768
0.591555
-0.698328
2.20189
-0.984807
-1.62465
-1.36734
1.37938
-0.492886
-0.479674
-0.82746
-0.12742
0.407835
-0.791679
0.564364
0.927759
0.136046
0.67533
0.397385
0.239972
-1.55719
-1.94451
0.376276
-0.933231
-0.963979
0.416953
-1.39883
-1.35541
1.76863
0.282609
-0.0347352
0.230248
-1.76945
0.779141
-1.95636
0.304964
1.10136
-0.286023
-0.501054
0.28142
0.376615
-1.63994
-1.62622
-1.70123
-0.190565
-0.0266722
0.512776
-1.11393
-0.0368428
-0.253202
1.75045
0.149168
1.05785
0.0859212
0.413024
1.10342
0.343434
-2.09849
-2.54601
0.284168
-0.372772
1.16734
1.03168
2.02338
1.33451
1.43377
-1.19956
-0.348723
0.760818
0.56818
0.235615
-1.82155
0.612416
-1.58091
0.315107
-0.434299
-0.464707
0.855201
-1.2741
-0.368159
0.945433
0.6871
-0.283969
-0.113621
-0.515921
-1.22569
-0.943942
-0.232016
-0.839075
-0.44303
0.2316
-1.29384
0.0949773
0.538153
1.09048
-1.03255
0.0480615
0.653706
1.06863
1.88256
2.15595
0.349461
0.158008
-1.34156
0.905068
0.92236
1.17165
0.682377
1.27348
-0.252685
-1.60982
0.80376
-1.55604
0.982073
-0.758726
2.46115
0.511352
-1.23057
-0.260732
1.0546
1.0793
-0.268767
-1.53737
1.03861
-1.04707
-0.311708
1.92812
-0.896138
-0.165832
0.0134793
-0.748885
1.13136
-0.876131
-0.452863
-0.0523851
-0.397169
-1.08559
-1.39575
0.595617
-1.598
0.576328
-0.158838
-0.227293
-1.70762
0.182423
1.36611
-1.5379
0.795952
-0.466443
-0.932294
-0.602794
0.266097
0.156517
0.139926
0.516318
0.0175833
-1.13112
0.379315
0.617009
0.132003
0.533781
0.172131
-0.832721
1.41995
-0.470917
0.453722
-0.402388
1.24052
0.629712
0.310588
0.584171
-0.264269
0.944121
-0.339268
0.0027059
-0.990688
-1.04575
0.427916
0.365622
-1.15085
0.348252
-1.10848
0.158552
0.467716
0.907468
-0.593519
1.96682
0.0927341
-0.251085
0.443693
0.231262
-0.454722
-0.181619
-0.21504
-0.898628
0.698228
0.932534
-0.279462
-0.018841
0.418419
0.230183
0.157743
-0.547523
1.19623
1.37267
-0.825948
-0.0852471
-0.486564
1.6289
2.13803
-1.19422
-1.98309
-1.49181
1.12013
-0.690754
1.64477
0.319973
-0.325896
0.0750585
0.730327
-0.442131
-0.709392
-0.0570281
0.299536
-0.00274925
1.20681
-0.196515
-0.0912932
0.928514
-0.891624
0.743088
-1.30856
1.62136
-0.862438
-0.361478
0.220081
-0.327918
-0.626535
-0.983356
-0.583409
0.987894
-0.0261971
-0.733618
-0.531893
-0.738862
-0.406675
0.437643
1.16199
1.13313
-0.874876
0.887684
-0.0175633
-0.828567
-1.9071
-0.827741
0.776302
0.0863514
0.712309
0.0760775
0.216296
-1.28705
0.724878
2.50241
-0.52991
-1.31198
-0.105553
-0.559037
0.310885
-0.289005
-1.10089
1.06104
0.0916011
1.12954
-0.360337
-0.405996
-1.45837
-0.073967
0.520878
0.0617583
-0.772173
-0.446381
1.44076
-1.13895
-0.509849
0.00820945
1.42124
-0.355097
-1.53686
0.0317259
-0.0684224
-0.267743
-0.0203335
-1.74813
0.230211
-1.37509
0.903784
0.409826
0.393431
1.06116
-0.48739
0.23323
-0.254578
-0.110336
1.63108
-0.381069
-0.312361
0.114437
1.01652
1.23698
0.767083
-2.33352
-0.905248
0.201521
-0.369101
-0.600339
-0.0422436
-0.968188
0.377495
-0.699017
0.518167
0.884126
-2.12415
-0.603796
1.0134
-0.15115
1.16137
-0.132497
0.549783
0.546942
0.187061
0.17536
-0.301172
0.189238
0.800169
-0.886722
-1.23911
-0.497617
-2.97417
-0.207733
0.159687
0.402634
1.15123
-0.247032
-0.034038
1.24432
0.0261165
-0.234179
0.946412
-0.328541
1.30756
0.579462
0.266926
0.518174
-0.460285
0.448495
-0.428018
-0.188611
1.23036
-0.0131178
0.61073
1.54708
0.746382
1.62218
1.54251
0.182606
0.287908
-0.156658
0.441275
-2.32506
0.291031
-0.342849
1.31325
-0.10333
-0.144799
2.69902
0.694106
-0.820035
2.1263
0.599556
0.100632
-0.00195194
-0.981771
-0.681852
1.24863
-0.534369
1.30394
-1.10501
1.35158
0.405119
-0.788028
-0.407115
0.654102
-0.0679821
0.774607
1.37863
-0.545178
0.659681
-0.237472
-0.158172
-0.0736592
0.321748
0.831001
-1.28949
0.792957
1.29482
-0.436487
1.1421
3.05701
0.109558
0.180463
0.609681
0.363187
0.453802
-1.01829
1.83042
-1.13404
0.758405
-0.617406
1.16147
0.122558
1.43553
-0.387559
1.82645
-0.872814
0.0120268
-0.797721
-0.0149458
-1.01138
-0.538891
0.182414
-0.336561
-0.0432178
-0.0622209
-0.850069
-1.03994
-0.125659
-0.619533
0.487484
0.915506
-0.262017
0.215109
1.80606
0.895011
-0.779274
0.908417
0.192872
-0.465509
0.513206
-0.336917
0.552437
-0.126245
1.22199
0.895596
0.335863
0.697642
-0.937809
-2.49063
-0.725281
0.561856
-1.12176
-2.58422
-0.176444
1.17211
-0.551301
0.710061
-0.971223
-2.05159
-0.857249
0.987681
0.209025
-1.12468
0.604996
-1.24255
0.1988
1.99981
1.24788
1.78641
-0.43075
1.25466
-0.618781
0.524355
-0.38942
-1.36696
-0.974409
-0.213696
1.01305
-2.38984
0.360935
-0.876415
-0.0180321
-2.35091
-0.0851238
-0.415692
-0.000902511
0.891215
-0.0836901
0.115254
-0.506952
-0.322223
-0.86522
0.216753
1.18639
0.799814
-1.66497
-0.709463
0.966586
-0.0438557
0.0283155
0.369883
0.661175
-1.02247
0.84357
-0.76436
1.07155
-0.303137
-0.652427
0.560328
1.44828
1.12902
0.441283
0.772799
-1.46183
0.739394
0.96819
0.725924
-0.104343
0.64961
1.02901
0.473023
0.696805
-0.804403
-0.128226
-1.07991
0.745875
0.490092
1.68083
0.911674
-0.0243984
0.67985
0.501881
0.998205
-0.758042
-0.0137385
0.626743
-1.0296
-0.792081
-0.829181
-0.757367
1.85831
-2.35832
0.0578918
2.41072
-0.2631
-0.0296159
0.0290948
-0.173813
-0.221924
1.24895
0.994592
1.85999
0.720574
0.857343
1.70142
0.344065
-0.828155
0.0558992
1.67828
1.17666
-0.413219
-0.434487
1.87151
1.02595
0.199988
-0.0261007
-1.91626
-0.123535
1.51075
0.477811
-1.7038
2.02848
-1.3174
0.867272
-1.31932
-0.37746
-0.289091
-0.298437
-0.852217
-0.922706
0.503102
-0.646394
-0.833061
-0.168406
0.0439838
0.433612
0.728498
-1.90633
-2.36305
-0.266534
0.0289298
0.0736563
2.48003
0.129032
-0.0334546
-0.198807
-1.42646
0.319613
1.22437
-0.339687
-0.927263
0.700987
-0.196211
-0.137846
0.713255
-1.49807
-0.455476
0.351571
0.609257
1.29633
0.704276
0.59647
1.09836
0.705962
0.215635
0.641568
-1.7802
1.13467
-1.59568
-0.451478
0.557931
1.07275
1.4835
-0.0918808
-0.468114
0.933653
-1.24244
-0.207288
0.536123
-0.953063
0.0923736
-1.8437
1.10452
1.28466
-0.692255
-0.933716
0.609611
-0.500029
0.888588
-1.15582
0.505559
-0.196662
0.0827224
-0.65213
-2.02685
-0.0993817
0.0650377
-1.98913
0.148559
-0.579008
-0.882409
-0.0112306
0.0744715
0.923532
0.72875
0.813512
-0.0489424
0.898561
0.243079
-1.20873
0.764156
-1.58741
-1.57089
0.486535
1.24759
-0.0209441
-0.337144
0.396178
0.854618
-0.148589
-2.23797
-0.717558
-1.17814
-0.83726
0.0383669
-1.47654
2.65548
-0.744787
-0.496329
0.25559
-0.6306
-0.0375213
-0.291634
-0.38372
0.520584
2.17638
-0.452222
0.806998
0.187217
1.16523
-0.0560641
0.851904
1.25818
0.885905
0.0896475
1.0942
1.28729
-0.78875
0.437595
-1.64106
-0.949383
1.89701
-0.887581
-0.967873
-0.87185
0.0660643
-1.23877
1.11606
-0.418944
0.109447
-0.27115
1.98089
2.03025
0.42795
0.541528
-1.19354
0.326247
0.146962
0.280302
0.396481
-0.251354
-1.31962
-0.183004
0.54988
-1.32619
-1.16065
-0.388967
0.0355019
0.78072
-1.54849
-1.95318
-0.322978
0.830746
-0.466231
1.61557
0.292702
-0.852695
0.877156
-0.592035
-0.193533
-0.806181
0.735415
0.140189
0.650044
1.11738
0.51701
-0.4782
-0.316635
0.696743
0.176571
-0.332881
-1.06006
-1.04605
0.190378
0.91322
1.71429
-0.113832
2.56742
0.322821
-0.24695
0.743545
-1.30469
-0.396952
0.825873
-1.49334
-1.3443
-1.78435
0.875929
1.22467
0.492241
0.689059
-0.483113
-2.40798
-0.93084
-0.920379
-0.934574
-1.66984
-1.20321
-1.07635
-0.809826
0.355776
-0.0339562
1.65797
1.68469
0.527021
-1.12751
1.0819
-0.415286
-0.817198
-0.923672
-0.68069
0.411407
-0.0634258
1.3348
-0.187031
-2.13589
0.180077
0.417589
-0.545298
0.462013
0.718213
0.32946
-0.58051
0.0364591
1.07545
1.1943
1.48032
-0.441496
-0.0113645
0.0818339
0.58542
-1.14149
-1.13729
0.164073
1.62976
0.785021
-1.18582
-1.07166
-0.533147
-0.761612
0.181623
-1.07585
-0.0185397
-0.151143
-1.30397
0.393067
-0.166324
-1.06955
-0.769538
-0.948563
-1.16921
0.100471
1.29668
0.762661
0.0279288
0.376422
-1.03852
1.89472
-1.17739
-0.356522
-1.87113
-1.05065
0.235796
-0.298804
-0.874082
0.0253553
1.59876
1.20734
-1.13102
-0.463414
-1.60972
0.0356474
0.701689
0.255247
-0.633269
-0.524103
0.106705
0.148897
-1.12669
-0.990305
-1.38869
0.388606
-0.180113
0.823691
1.30764
2.70739
-0.623047
-1.76121
0.429467
1.45588
-0.585653
1.50611
-1.69677
-1.32768
-0.208537
1.57562
-0.164058
-0.136796
-0.645842
-0.0841044
-0.625508
0.99302
0.0731454
-0.17883
1.61363
-2.32009
0.636133
-0.235943
-1.17384
1.03099
1.49904
-0.423356
0.544205
0.96276
0.284492
-0.222857
-1.35277
-0.524437
0.402058
0.376742
-1.49636
0.898827
-0.485442
0.341433
1.65688
-1.64292
-0.826397
-0.987528
-1.33086
-0.0377671
-0.109304
-0.698752
-0.0776163
0.356395
-0.391446
-1.31885
1.58159
-0.117247
-0.15571
-0.138751
1.05336
0.541556
0.0321395
1.61176
-0.234324
-0.402184
-0.497753
-2.00878
-0.446034
0.204205
0.620579
-0.202744
0.0359788
1.18873
-0.756371
-0.446059
0.0920143
-0.128112
-1.56287
-0.269153
-1.23948
0.440287
-0.244411
-1.28096
0.391495
-0.0309841
0.868641
-0.496627
0.519383
-1.76382
0.260509
-0.174791
0.0239998
-0.294605
-1.08373
-0.145683
-0.30629
1.16611
-0.262322
-1.32594
0.722416
2.4913
-0.210949
-1.73043
-0.0704628
0.885516
-0.446691
0.302489
-1.92514
1.08855
-0.376539
1.59475
0.503805
0.00457213
0.760397
0.670997
-0.723251
0.766485
-0.35253
0.517235
-0.497384
0.844944
-0.453063
0.819434
2.01281
-0.922647
0.533532
-0.0173498
0.190384
-0.519219
-0.425129
0.139006
1.47581
0.341743
1.0895
0.674799
-0.152676
0.3109
-0.78638
3.18096
1.50763
-1.05901
-0.602367
0.910772
1.8365
0.14012
-0.783994
-1.05708
1.41814
2.65634
-0.680179
1.91419
-0.818168
1.63343
0.146944
-1.03858
-1.00457
-0.27717
1.46542
-0.612156
1.14522
0.187909
-1.59646
-0.589682
1.6635
0.421116
-0.582557
1.83705
1.01356
0.0983988
-1.89227
-1.32008
1.92625
-1.0426
0.0587134
0.485737
-1.54393
-0.202108
-1.18392
-0.446179
-1.1405
-0.226337
0.129031
-0.120899
1.04703
-0.405435
0.012444
0.0370704
-0.177423
0.38835
-0.341242
0.206132
-1.17352
-2.67291
0.0811203
0.152905
1.53527
0.668122
-1.7308
-1.2829
0.31721
0.205167
-0.834057
-0.766252
-0.733888
-0.173837
1.47871
0.748325
0.553256
-0.585025
-0.107677
-1.56297
-0.419537
-0.447517
1.11477
-0.651875
-0.654018
-0.097168
0.0617839
-0.936112
0.373567
-1.59743
-1.09246
0.352724
-0.299483
-2.26796
-0.101224
-1.15406
1.13868
1.40676
1.06162
1.09369
-0.601974
-0.693547
-0.887122
-1.265
0.18617
-1.03928
1.03061
-0.375517
-0.0902194
-0.543125
-0.706146
-0.168027
-0.309505
-0.023774
-2.07308
-0.891634
0.153755
0.430709
0.815858
1.43736
0.443189
0.59407
1.78822
-0.712879
0.839053
0.355773
-0.498033
-1.59385
0.410797
-0.243615
1.18886
-1.48511
0.512229
-0.30125
1.30644
1.71516
-2.29279
0.491574
1.43365
-0.427251
-0.50451
0.863682
0.410569
2.05534
0.352739
-0.587826
-1.7594
0.136735
1.00103
-0.886929
-0.741004
1.62393
2.61226
-0.357292
-0.89757
-0.638192
-0.757998
-1.99805
-1.53756
-0.417431
1.11358
0.00270153
-0.86472
0.427382
0.628349
-0.940961
-0.0545368
-0.0835332
-1.25133
-1.03792
-0.637291
0.517651
0.0766202
-0.500303
-1.58328
-2.85739
0.104432
-2.09584
-0.582428
1.30938
0.531974
2.1242
0.818651
0.42978
0.230279
-1.29224
-1.78094
1.91955
-0.603841
-0.381745
0.0263212
0.803533
0.49736
-0.0413265
1.30441
-1.07416
0.0605521
-1.03163
-0.354121
-0.0469239
2.44533
-1.34778
1.26414
-0.846715
0.686541
0.125287
1.12225
-0.759701
0.0588406
0.0152625
-1.62434
-0.522817
-1.35192
0.495413
0.533566
-1.12277
0.578946
0.55568
0.447964
2.21402
-0.111696
0.960962
-0.592638
0.103725
0.152694
1.51496
1.46309
-0.230631
0.781419
-2.35631
0.384937
0.782352
1.30228
-0.71754
0.408768
0.235563
-1.9487
0.878543
0.00813236
-0.545822
0.28828
-0.48196
0.872728
0.403547
0.357575
-0.203504
0.366724
1.27166
-0.386449
0.662953
-0.568939
-0.0114842
-1.34126
-0.135065
1.16671
0.492735
-1.41429
0.280228
1.16906
-0.272457
-0.013472
-1.50576
-0.405835
-0.206511
0.899085
-0.680425
-0.355262
-0.635716
0.606825
0.192968
0.180396
-0.953324
0.685032
-1.50383
2.03033
1.05335
0.334121
-0.709167
1.12993
0.273104
0.714888
0.392223
1.85702
-0.419842
0.0715242
-1.04532
0.16748
-0.90199
0.114703
-0.584109
-1.73127
-0.942927
-1.72173
0.150249
-0.769501
-0.477875
-0.664809
-0.559442
-0.243496
1.66541
-1.66894
0.992899
-1.20935
0.101958
-0.14869
0.0914825
-0.758613
-0.939045
0.63195
-0.521632
-0.963719
-1.56515
0.129585
-0.528687
0.386645
-0.502552
-0.640414
-1.72455
0.989997
0.866046
-1.4748
-1.69481
-1.34039
0.967804
-0.74678
-0.450334
1.1423
-0.32934
0.830105
-0.726154
-1.11401
0.0514397
-0.296246
2.45199
1.75295
0.980682
-0.882665
0.807821
0.544418
0.164734
0.512117
1.29569
-0.412142
1.60252
1.18656
-0.728646
-0.839223
0.0449847
0.611805
0.418385
-2.25103
2.68034
-0.157061
-1.66491
-1.69287
-0.168859
-0.99956
0.470212
-1.65908
-1.08009
0.13588
-0.376865
0.270739
1.42461
0.022361
-0.12744
-1.95521
-0.22152
0.994336
-1.44624
-0.251217
1.15064
-1.55056
1.51779
0.1826
0.25528
0.261385
-1.84839
-0.0222031
0.234203
-0.896465
0.304509
-0.0790116
-1.05167
-0.773239
0.239066
2.30596
0.222936
1.47434
1.92244
0.809845
-1.60036
-1.83127
2.0413
1.73575
2.48
-0.595037
-1.72539
0.564
0.672535
0.989967
0.758126
-0.35357
0.222391
0.390449
-1.36109
0.334136
0.132098
2.45061
0.044201
-0.446782
-0.792369
0.0502502
-0.485477
-0.098645
-0.192027
-1.19031
0.690905
1.3296
-0.102185
0.440432
1.40203
0.259761
-1.27843
-0.0822814
-0.0445624
-0.432925
0.401993
-1.43983
0.495191
-2.2966
-1.01856
0.962936
-0.623518
0.585081
1.91434
2.77242
0.280271
-1.43245
0.0779487
-0.279073
1.14481
0.0118509
-0.673455
-0.139962
-1.08626
-0.503479
-0.80122
1.16095
0.904497
-2.49727
0.0134935
0.877728
-0.422158
-1.55955
0.223048
-0.392319
0.181204
-0.0654348
-1.34867
-0.672954
1.15461
-0.542966
-0.89327
2.11059
-1.48822
0.329514
0.324259
0.640672
0.770636
0.0824517
0.0208072
-0.59433
-0.10805
-1.02808
-0.0863407
0.023048
-0.34789
0.555769
-0.363748
-1.66373
-1.69951
0.885818
-0.237087
1.83383
-1.6265
-1.38831
0.793824
1.4563
0.075113
-0.169566
0.939903
0.451063
-1.29157
-1.29113
-1.26265
0.209764
0.0337563
1.22066
-0.956367
-0.761114
0.795425
0.922138
-0.852512
0.458576
0.443325
0.791867
0.0286982
-0.203512
-1.99599
0.660028
0.721054
1.74035
-0.681038
1.19015
-1.32668
2.44414
-0.943758
-0.280674
-0.455704
-1.44839
1.3688
-0.303552
-0.378797
0.0809907
0.0971103
-0.51553
0.219525
-1.52734
0.265155
-1.10929
0.970749
-0.153146
-0.738993
1.22457
-0.742076
0.765375
0.451846
0.155245
0.167507
-0.956737
-0.959985
-1.71995
0.0557681
0.266085
-0.620037
-0.672825
0.258698
-1.3554
-0.896601
-0.0143358
-0.464726
-1.03897
0.488341
0.137793
-0.178107
3.139
-0.476618
-0.814764
0.310638
-1.50645
-0.877908
0.903049
0.283774
-0.210762
-0.019838
-0.729604
0.137645
0.0459695
0.34671
0.596735
0.679535
-1.35628
-0.00773115
-0.526375
0.520316
-0.21147
-1.16376
0.344186
0.521445
-0.478083
-0.485169
1.47451
0.0901364
1.27835
-0.881091
-1.44134
0.467618
1.13662
-1.01259
0.404255
-2.75291
1.35875
1.05852
1.32698
-0.463901
0.00460869
0.650233
0.299148
-0.770417
-0.680164
0.935014
0.137012
0.26632
0.357219
0.797042
1.26702
-1.45734
-0.110748
0.84999
-1.34933
0.139887
1.63988
-1.0686
0.513297
2.27713
-0.992363
-2.19889
0.0280377
-1.67999
-0.289311
-0.48726
0.188746
-0.501448
1.33508
-2.48222
0.310971
-0.0710039
-0.250067
-1.10018
-0.748094
2.12519
-0.425785
-0.267567
0.459184
0.278844
-0.896637
-0.271918
1.81845
0.332916
0.45259
0.688741
1.01282
-0.57949
-1.0659
-0.397237
0.551698
2.02802
1.12432
-0.940564
-0.0330546
1.66018
-0.630308
-0.623652
1.10942
-0.830393
1.152
0.677036
1.68727
0.277329
-1.78674
-0.212085
2.80202
-0.0300928
-0.389548
-0.113233
-2.23484
-0.346011
-0.248034
0.840999
0.568332
0.35839
-0.820034
2.01775
1.77135
-1.29782
-0.106811
-1.72683
0.961072
0.260677
0.504546
0.436544
0.50738
0.202839
-2.10449
0.160491
-0.307912
1.80859
-0.427423
0.510516
1.63104
-0.60775
-0.522603
-1.09865
-0.585252
-0.92295
-1.11792
-0.00268861
1.00709
0.0919368
0.486937
0.494716
-1.11525
-1.45711
-1.11786
0.219765
0.724672
0.39071
0.168837
-0.0633202
0.372912
0.0865925
-1.5995
1.51429
-0.821334
0.00707698
-1.45927
0.689319
0.793793
0.224413
0.831561
0.201026
-0.67005
0.196289
1.45351
0.598609
1.68335
-0.124379
0.0535531
-0.165346
-0.24152
-0.415643
0.679192
0.505807
-1.72458
-0.375834
-0.550947
-0.181333
-0.304963
0.713128
-0.296037
-0.521474
1.28715
0.0048102
0.619133
0.588843
-0.223893
-0.969887
0.692183
0.175525
0.449307
1.25366
-1.53403
-1.06791
0.97716
-0.0647805
0.336026
0.512794
-0.193372
1.18349
-0.44338
2.09928
-1.4214
0.732719
-0.682367
1.97336
1.09234
-0.711802
0.626933
-1.34982
-1.91629
1.29471
-0.774613
0.886222
-1.04961
0.0654842
-1.06359
1.45797
-0.843845
1.22503
0.550494
-0.0793071
-0.759118
1.0209
-0.815236
1.87206
-0.370292
0.00405673
0.0589513
0.234478
0.611595
-1.81473
0.638215
1.31582
-1.01339
1.5666
-0.508526
0.51731
0.597242
-0.795867
0.345946
-0.678567
-0.333155
1.04171
-1.03665
0.556566
-0.207571
1.78951
0.662076
-0.919395
-0.551386
-2.17406
-0.886015
-0.231956
-0.214822
1.11818
1.32452
-0.464025
-0.644064
-0.436155
-1.19761
1.05418
-3.89666
-0.970711
0.420876
-0.703803
-0.231858
0.0668825
0.0322059
-0.342273
-1.61826
-1.91814
0.338293
-1.12071
0.626594
1.28854
-0.362857
-1.88893
1.94566
-0.402056
1.78208
0.26171
-1.68514
0.533663
1.61016
1.14259
-1.32139
0.663146
-1.27527
-1.89031
1.39002
1.83846
0.976205
1.77468
0.0635809
-0.939015
-0.236005
-1.00441
0.224143
-1.09677
-1.26322
0.10796
0.706343
-2.04459
-0.720015
-0.657329
1.11845
-0.768196
-0.739137
-1.25397
-0.520396
0.225308
-1.33687
0.368329
-1.50364
0.115506
0.642124
1.10263
-0.400564
2.02163
0.352853
-0.802401
0.485768
-0.557765
0.0671825
-0.198624
-0.980116
-0.20433
1.2495
-1.32047
2.42965
0.0145257
-0.0262983
-0.662317
-0.0458964
-2.47467
1.17062
-1.7872
-0.489107
0.64478
-0.961538
0.246539
0.853635
-0.941511
-0.688818
-0.477774
1.03
-1.28995
2.12152
1.29397
-1.12311
-0.13457
0.319088
0.229721
0.563887
0.67974
1.35037
-0.576034
0.492858
1.12752
1.70335
-0.644983
-0.910797
0.183569
0.478831
0.198702
-0.434118
-0.503428
-0.871866
-0.804945
0.0931652
-0.385675
-0.118736
-0.963614
-0.940818
0.747005
-1.63751
0.689871
1.38014
0.34708
-0.0659794
-0.192708
0.608169
0.722754
0.203452
-0.20967
1.98602
1.16941
1.19074
-1.9125
-1.26173
0.438319
2.58826
1.13738
1.17761
1.01857
-1.24225
0.162441
0.978735
2.00146
1.50422
0.779926
1.60783
-1.18892
-1.8128
-0.801923
-1.18618
-0.386033
-0.988831
0.590611
2.81597
-1.17867
0.07458
-0.678226
-0.116915
-0.292514
2.3642
2.08348
0.225638
0.548049
-0.401756
0.0444899
0.127634
1.07085
0.85323
-1.38671
-1.33782
-1.20455
0.670532
0.254568
0.231048
-0.88027
-0.127173
1.989
0.459835
-0.695836
-0.15211
1.45084
0.161453
0.268997
-0.433218
1.98649
-0.244541
-0.637063
-0.0236478
0.062755
0.818901
2.6149
-0.639335
0.796565
0.219298
1.12264
-0.6936
0.408583
2.21085
-0.977405
0.465265
-0.280152
1.45788
0.254052
-1.36753
-0.0121587
-2.98922
-0.595314
-1.0511
-0.78748
0.196585
1.62343
-0.103755
-1.06097
-1.21075
-0.652196
1.34313
0.933805
0.472476
0.00172576
2.13407
0.522477
1.01759
1.42778
0.267832
1.00298
0.375268
0.825263
-1.32114
-1.08798
0.357061
0.552228
-0.107236
1.09763
-0.442
-0.558505
0.12147
0.808584
-1.49392
-1.1716
1.43328
-0.778319
1.0658
1.00655
-0.751307
1.27906
0.666351
0.727484
0.126456
-0.254218
0.184109
-0.744144
-1.01824
-0.485593
-1.04848
0.366504
0.656459
0.912891
-0.039941
-0.31961
0.480761
0.647949
0.755001
0.798713
0.190691
-0.899441
0.451282
-0.5124
0.33637
0.408145
-0.335772
-0.0127829
-0.74517
-1.09382
-2.12826
0.0169521
-1.20752
-0.0218757
-1.26921
-0.801438
0.274923
-1.16845
-1.43357
-0.864858
-0.399606
-0.280622
-0.194285
-1.0893
1.14256
0.671386
-0.227315
1.39969
-0.256396
-0.146521
-0.265864
0.76777
-0.905107
-0.244562
0.883267
0.00813312
-1.54306
-0.647772
-0.254139
0.0647467
0.976002
1.17295
-1.0476
0.612154
0.346349
-1.4864
0.556708
-0.0845682
-0.736961
0.23834
-0.665319
0.123651
-1.06118
-2.58449
0.463704
1.57402
-0.0129986
1.65391
-1.13814
1.08203
1.53842
0.774121
0.896428
-1.3489
-1.03403
-1.39008
0.564642
0.859506
-0.966653
-2.27665
1.65417
-0.583058
-0.615939
-2.631
1.22631
-0.971077
-1.15859
0.470061
-0.272158
2.84191
0.573218
0.0677718
-0.867991
-0.483756
-1.26745
-2.61021
0.0752713
1.82624
-0.380556
0.592153
0.216419
-0.454537
-0.630837
1.09551
-0.574774
-2.17032
-1.10671
-2.20383
0.996213
-0.0253987
-0.202056
-0.0694727
1.00168
0.287893
0.487741
2.79727
-0.242652
-0.343714
-0.694414
0.180018
-0.34675
0.52636
0.927435
0.217694
1.122
0.712654
1.15367
0.547463
0.859715
0.051016
-0.337601
-1.36683
-1.11752
0.897976
-0.91312
0.671713
0.167578
0.22989
-0.233623
1.10619
-0.312712
-1.42909
-0.808127
-0.779854
0.0970127
-0.169484
1.26145
0.0387362
0.342514
-0.305671
0.778958
-0.318589
-0.864697
0.747212
0.495921
-2.06215
-1.16382
-0.130688
0.153141
-0.184282
0.716109
0.867489
0.598505
1.35316
0.144075
-0.323892
-2.35011
-1.35157
0.0696718
0.00792844
0.466478
1.07241
1.30334
-0.40423
0.855179
-0.963571
0.235095
1.07155
1.72784
0.66843
-0.451226
0.288441
-0.488259
0.164412
2.23743
-0.384007
-0.171487
0.130814
0.452974
0.149473
-0.865474
-0.9038
1.44511
-0.89847
-0.509516
0.144056
1.63418
-0.0571438
0.447708
-0.227421
1.84125
-0.00184317
1.55285
1.33919
-0.670514
-1.13978
1.48059
1.40009
0.0530763
-1.07431
1.51652
-0.899618
-1.09991
1.21834
-0.583331
1.50558
0.951736
-0.224193
1.53799
0.118494
-1.1239
-0.0452879
-0.501906
0.890294
0.308696
1.72581
1.47357
