-0.913563
-1.22583
0.98583
-1.11754
-1.04635
1.11224
-0.807255
-1.28828
0.92764
-0.899828
0.931943
-0.536158
-0.611149
-0.979921
-0.579437
-1.03647
0.0155403
0.475068
-1.7232
0.800738
-0.863625
-0.147746
-0.168512
-0.824166
-1.15266
-0.678736
-1.31264
-1.11539
-0.955634
-0.791699
-1.31736
0.613268
-0.998897
-1.20459
0.800401
-0.994831
-1.32122
0.641808
0.619367
-1.01088
-1.89066
0.569932
-1.40319
-0.929882
-1.33637
-0.783118
1.64124
-1.08791
-1.35108
-0.712349
-0.809767
1.23685
-0.623834
-0.714533
-0.736887
-0.824889
-1.31631
-0.997567
0.615853
0.0983098
-1.04031
0.695297
-1.02385
1.12548
-0.771272
-1.21101
-0.872973
-0.755609
-1.15953
0.0564397
-0.897752
-1.54171
1.51013
-1.02723
-0.961063
-1.07643
-0.519198
1.52619
-0.979946
-1.77544
-1.21512
-0.124241
-1.30426
-1.42869
-1.39376
-0.656529
-1.28784
-0.115756
-1.50422
0.792183
0.0608849
-0.992016
-1.01199
1.20886
0.348991
0.223139
-0.713931
-1.33884
-2.28511
-0.714585
-2.37278
-0.922569
0.584204
-1.27103
-1.0111
-0.512896
-0.705331
-0.979441
2.04413
-0.898857
0.362659
-1.52944
-0.930383
-1.48022
-0.897976
-0.130264
0.963385
-0.836064
-1.04847
-0.704508
0.21236
-1.2779
-1.0602
-0.0523372
0.0301975
0.750525
0.655901
1.51979
0.880624
-0.779077
1.34898
0.702885
-1.33864
-0.913361
-0.791804
0.998046
0.289315
-0.928241
-0.776208
-1.9893
-1.45057
1.04654
-0.947641
-1.02127
-0.124977
1.36275
1.35555
1.15736
-0.11131
1.00937
1.37086
-1.13924
-0.705225
-0.968035
-1.43091
0.768902
0.438156
-1.51912
0.969515
1.27514
-0.716024
-1.58222
-1.31347
-0.597063
0.0250356
-1.85008
-1.1086
-1.13469
-0.902069
-0.818605
-1.2251
-0.688748
-0.87399
-0.99981
-0.903214
-0.601505
-0.887799
-0.449985
-1.33447
-1.12892
-1.18727
-0.941126
0.0670018
0.308099
1.52517
0.232356
0.812678
-1.19205
-0.562753
-0.692012
0.169161
1.02177
-0.759244
-0.644617
-0.878259
-0.734239
-0.999922
-0.164988
-1.09389
-1.15436
-0.471822
-1.41482
0.370125
-1.44081
1.31565
-0.547907
-1.51281
0.613556
1.11415
0.565596
-0.96625
-1.04489
0.890042
0.454525
1.1196
-1.66364
-1.47578
-0.504684
-1.12408
-0.649085
0.163475
1.38698
-1.02688
-1.0849
-1.13276
0.987461
-0.967007
-0.857398
0.685332
0.912976
-0.786819
0.141929
-0.763623
-0.353485
1.46746
-0.969841
-1.0647
-0.0378955
-0.0955145
1.60326
-0.763185
-1.0852
-0.210698
0.555493
0.846832
0.330272
-1.07275
-1.33409
-0.0508103
1.63319
0.264488
0.364622
1.09106
-0.948427
-0.974307
-1.37659
-1.23991
-0.67643
-0.377824
0.460419
-1.23099
-0.771145
-0.0609261
1.17084
-0.715432
-0.770641
-1.37994
-0.692303
-1.14022
0.680282
-1.37574
1.50659
0.660837
-1.59546
-0.944986
0.0235258
-0.656518
-0.176244
-2.34796
-1.06142
-0.595796
0.420138
0.515368
1.12919
-0.917935
-0.876156
-0.731126
0.481134
-0.950735
-0.826093
-1.10999
0.887826
0.252165
-0.787793
1.59699
-1.16932
-1.00554
-0.837589
-0.747375
1.15903
-0.0549469
-0.915016
-1.83613
-0.612501
-1.46577
-0.174814
-1.17345
0.719319
-0.836705
1.24827
-1.38089
-1.33991
-1.10288
-0.97753
1.09376
-0.9719
1.57945
-0.712097
-1.0866
1.28798
-1.36115
-1.01065
-1.55289
0.796511
-0.795053
-0.794701
-0.735085
-0.145852
-1.44235
0.952094
-1.42065
0.475023
-0.554596
0.0143626
-0.249966
1.33303
1.10111
-0.745409
-1.22818
-0.906547
0.646053
0.949615
-1.18839
0.0021085
-0.541288
0.17944
0.467849
2.20007
-0.737598
-0.81625
-0.634952
-0.881241
-0.434123
-1.4221
-2.01439
-1.02097
0.973406
0.158578
-1.41327
-0.525536
-1.10105
-0.925244
1.74467
-1.27625
-1.2161
-0.765965
0.692123
-0.064773
-0.642727
-0.825536
0.760932
-0.866622
-1.01067
0.0349609
-1.06525
-0.993412
0.244625
-1.04883
-1.02609
-0.961471
-1.11272
-0.683277
0.942063
-1.31586
-0.920546
-2.23544
-0.165575
-1.49652
-0.949104
-0.707732
0.988748
-1.00511
-0.716395
-0.512304
-1.28798
-0.749417
1.89645
0.471224
-1.09725
-1.02461
1.19044
-1.15844
-0.604549
-0.841614
-0.854877
-1.16996
-0.976588
-0.870216
-1.28731
1.31107
1.43735
-1.55491
-1.10952
0.851083
-0.81662
-1.34319
-1.00962
-0.969979
-0.867654
-1.17294
-0.600951
-0.717168
-0.95129
-0.688964
0.620739
-0.137213
-1.19965
-1.39111
-1.62913
-0.698362
-0.752238
-0.823776
1.01941
-0.534805
0.0897773
-0.83738
-1.01106
-0.699425
1.0641
1.37941
-0.723968
-0.921848
0.884295
1.07942
-0.315642
-1.50917
0.787366
0.616138
0.803756
-0.545325
1.71853
-1.42574
-0.661864
-1.01186
0.00126631
-1.96566
1.1072
-0.301274
1.07097
-0.487995
-0.841652
-1.24967
-1.3732
-0.518342
-1.1422
-0.639304
-1.06149
-1.15813
0.0744339
-0.823052
-1.04419
-1.0178
1.03634
0.57127
1.97376
-1.47972
-0.566851
-0.827414
-0.747519
-0.506268
-1.1824
-0.794237
-1.00778
-0.309069
0.593035
-1.30419
-0.940522
-0.466115
1.21281
0.662982
-0.579115
-0.955071
0.90743
-0.942039
-0.597942
0.531473
-0.676446
-0.749887
-0.596443
0.890473
1.8706
-1.45409
0.660378
-0.691658
-0.443532
-0.856691
-1.10976
-1.34259
0.797653
-0.77041
-0.494949
-1.26559
0.170057
1.42402
-0.382997
-1.38844
-1.35324
-1.02666
0.897324
-1.81995
-0.58446
-0.476737
-1.07738
-0.624466
-0.959045
-1.01909
-0.662178
-1.01059
-0.751993
-1.11237
-0.12241
0.311593
-1.44903
-1.71389
1.72327
-0.322896
-0.795925
-0.882675
-0.0855339
0.932805
-0.714324
-0.78734
-0.761628
0.439095
-0.80421
-1.1085
-0.0436031
-1.0489
-1.02699
1.43413
-0.871468
-1.45604
0.732159
-0.76087
-1.04679
1.89498
-0.893401
-0.976277
1.31698
-0.79213
0.374942
1.1683
-0.211084
1.48451
-1.46765
-0.75444
-0.788431
-0.737133
-0.884653
-1.35624
1.848
-1.02426
1.52527
-1.5089
1.13303
-0.321853
-0.831144
-0.685109
-0.0208738
-0.879578
-1.19387
-0.265278
-0.754393
-1.03896
-0.114681
-1.31358
-0.719795
-1.0001
-0.874321
-0.318817
-1.21204
0.979331
-1.15039
-1.42251
-0.715453
-1.43181
0.287126
-0.644917
1.33309
0.905635
-1.23974
-0.976432
-1.48397
0.419814
-1.76289
-0.749345
1.38557
-1.45336
1.82081
-0.451481
-0.980121
1.75141
-0.914377
1.11304
-1.07213
-1.20035
-2.7991
-0.832378
0.128965
-1.08248
-0.451416
-0.672637
-1.16744
-1.0426
-1.03986
-0.361212
0.0570709
0.675029
-0.816125
-0.719765
1.02006
-1.10619
-1.38122
-1.39738
-1.21535
-0.135228
0.388517
-0.629286
1.08245
-0.138947
-1.02004
-0.564348
-0.958948
-0.786325
-1.02877
-0.865061
-1.06302
0.772107
-0.431746
-0.652133
1.28305
-0.679595
-0.7157
-1.12325
0.447017
-0.909132
0.428543
-0.586773
0.550988
0.691729
-0.898473
0.485114
-1.20236
-1.23671
0.230663
-0.28955
0.718955
-1.37611
1.06835
1.62035
0.610445
-0.979662
0.384272
1.43183
-1.32461
-1.00175
1.45735
-0.727193
-1.2391
-1.01399
-1.28612
-0.356952
0.873235
-0.615399
1.5058
0.735497
-0.695359
-0.848345
-0.931567
-1.26593
-1.40286
-0.21155
-0.144662
0.545326
-1.47595
-0.881722
-1.24176
-1.31659
-1.36181
0.325526
-0.741746
-1.21654
-1.03375
0.132342
-0.939298
-0.981024
0.840168
-0.26929
0.221223
-0.64501
0.642563
0.708757
-0.947494
0.252612
-0.732085
-1.1971
1.83928
-0.732045
-0.548847
-0.987258
0.54949
-1.0288
-0.801968
0.445806
-1.45785
0.276599
1.43311
-0.871751
-1.24234
-1.2911
0.688481
-0.248302
-1.12584
3.50323
-1.06283
0.41583
-1.13659
-0.346253
-1.22248
1.83021
-0.787622
-1.11769
-1.20172
-0.69569
-1.10368
-1.20307
0.150282
-1.17307
2.95804
0.810922
-1.65566
0.376365
-0.76616
-0.144864
1.00181
1.40535
0.769221
-1.22469
-1.41753
-0.959101
1.77618
1.18606
-1.23312
-0.968557
-0.889879
-0.732407
-1.28299
0.868855
-1.06366
0.670183
0.682359
-0.714941
1.43262
-0.695006
-0.0278822
1.48869
-1.02114
-1.41493
-0.602479
-1.35117
-1.6903
-1.1877
1.0621
1.14059
-0.508918
-1.21074
-1.04039
0.102674
-1.23751
-1.12779
-1.24572
0.863184
-1.35807
-0.776505
0.598383
-1.27349
-0.349636
-1.2703
1.2918
0.671951
-1.04472
-1.53768
-0.673154
-0.987056
0.870272
-0.856086
-1.35402
1.7654
-1.07467
1.01825
-0.716576
-0.0973114
-1.259
1.25324
-1.00967
-1.22182
-0.949309
-1.94397
-0.549631
1.49338
-0.576999
-1.04009
-0.690316
-0.802222
-0.813899
-0.953957
-0.688158
1.66261
-1.09009
0.48379
-1.37441
0.755161
0.402783
-1.28078
-1.22516
-0.181827
-0.855082
-1.04037
-1.03324
1.99542
1.33474
-0.780434
-0.0756034
-0.945848
0.747506
-1.07016
1.11603
-1.32945
-0.646827
0.590523
-1.13871
1.4425
-0.267255
-0.7083
1.26289
-1.12551
-0.695815
-0.551114
0.145157
-1.14534
0.93796
1.30698
-0.946245
0.855618
-0.347902
1.8185
-0.530907
0.944431
0.863332
-1.22619
-0.487278
-0.380988
1.39367
-0.326113
-0.989904
-1.15886
-1.0618
-0.979159
0.292459
0.471122
0.582718
-1.65819
-0.794488
0.463353
-1.07094
-0.969011
-0.768695
0.981077
-0.830387
1.44876
-1.03679
-1.02773
0.865343
-1.0016
-0.862808
-0.830556
0.340661
-1.11015
-1.00065
-0.453856
-0.927297
-0.589421
-0.912182
-0.192216
1.39682
-1.04421
-1.46413
-0.860706
-1.06995
0.528571
1.36401
1.43603
-0.580497
-1.47433
-1.33654
2.31395
-1.07454
-0.727267
-0.653809
0.376817
-0.831149
-0.906797
-0.926411
-1.44142
0.438129
-0.887968
0.537345
0.149207
-1.40202
-0.960656
-0.915622
-0.495476
1.36729
0.545421
-0.558337
1.34987
-0.690257
0.462373
0.916809
-1.1009
0.417987
0.7293
-1.00364
0.189344
-0.58264
0.911365
-1.0131
1.07004
1.1418
0.336307
-1.15742
0.135811
-1.11215
-1.52077
-1.18086
-0.701507
-1.01195
2.09631
-0.875858
-0.672955
0.136569
0.571138
2.04984
-0.85734
-1.06743
0.603097
0.843379
-1.19428
-0.472892
-1.76374
-0.6512
-1.47123
-0.75458
-1.77626
1.21385
2.75981
0.53528
-0.820003
-1.10377
-1.45864
-0.882272
-0.957356
-0.104504
2.1048
0.878062
-1.08258
-0.739796
0.82291
0.689308
-0.627029
0.803919
-0.94615
-1.02029
-1.22152
1.51094
-0.884846
0.101034
1.06319
-0.00425917
-0.249035
0.682899
0.694379
-0.971347
-0.934927
-1.21593
1.52303
-0.602043
-0.843536
-1.19547
1.52826
-1.49577
-1.28881
-1.93506
-2.2376
-1.01052
-0.671825
-0.761346
-0.560566
-1.05183
-1.25077
-1.60104
-0.641295
-0.602123
-1.4156
-0.913371
0.597922
-0.805663
-0.917447
-1.00848
-0.260424
1.6666
-1.37119
-1.15316
-0.980342
-1.77695
-1.12772
-1.70082
-1.17678
-1.23143
1.41004
2.16739
-0.678927
-0.601394
-0.876261
-0.784599
0.346051
-0.938568
-0.699054
-1.17107
0.667918
-0.977124
-0.945573
-0.71016
-1.3811
0.511362
1.59401
-0.507864
0.35321
-1.05609
-0.342825
1.14063
0.764264
-0.864801
2.60449
-1.04506
-1.13838
-2.27319
0.846613
-1.05338
0.440037
-1.42573
0.585977
-1.16491
-1.29845
-0.0350467
-1.42487
-0.834852
0.365702
0.273211
0.0933248
-1.50366
-0.713006
-0.814231
0.667347
-1.2976
-0.246023
-0.892649
-1.19102
-0.927548
-0.741308
0.812301
-0.913605
1.03361
-1.08392
-0.140528
0.514411
-0.282157
0.551454
-1.09363
-1.00254
-0.961426
-0.914363
-0.898049
0.460958
-1.30674
-1.05557
1.82169
1.3748
-0.672433
-1.0315
-1.14089
-0.377202
-1.10517
-0.843297
-1.09554
0.979921
-0.748988
-0.612743
0.115244
1.72796
-1.8056
-0.894129
-1.62542
0.453461
-0.858469
-1.13331
0.312923
-1.32704
0.512452
1.20765
-0.907103
-1.17753
-1.47218
-1.36399
1.04336
0.968286
-0.662307
-1.68465
-0.848883
-0.877505
-1.0582
1.01359
-1.10913
-0.151722
-0.108433
-0.824383
-0.708687
1.27275
-1.04596
2.6856
-0.872152
1.77976
-0.647992
-0.841293
-1.50515
-0.699886
-0.670916
0.172692
1.60229
-0.773047
-1.12047
0.708071
-0.954422
1.25832
0.890521
-1.04211
1.43075
-0.683165
0.676249
-2.32804
-1.06065
-0.556316
-0.773452
0.381779
0.292517
-1.40849
1.41764
-1.0877
0.422023
-1.05193
1.21255
-1.04609
-1.28872
-1.09435
0.086272
-1.05453
-1.17779
-0.792139
-1.56495
-0.807473
-1.07037
0.315597
-0.226054
1.29614
0.25753
-0.869437
-1.23393
1.03485
-0.886642
-1.25503
-0.743348
0.0541828
0.794145
-0.660969
0.586107
2.2428
-1.1725
0.936234
0.00616359
1.52832
-0.949753
-0.954019
1.73188
0.362449
-0.466117
0.658566
-0.736492
1.08328
-0.362177
-0.501081
-0.936259
-1.40193
1.16116
1.10955
0.29334
-1.41139
-0.393484
-0.918869
-0.842459
2.03421
1.0793
-1.05437
0.523272
-1.20929
0.900256
-1.46224
-1.32449
1.56065
-0.930851
-0.957418
-1.12893
-0.977302
-1.14112
-0.655505
-1.27315
-0.605595
-0.543056
0.754011
1.6237
-0.619175
1.20186
-1.99878
-0.987058
-1.0492
-0.734407
-1.3365
-0.620298
-0.92158
-1.21818
-1.10548
-0.859887
-0.889757
0.12625
-1.09612
-0.645853
-1.39921
2.00258
-1.3231
-1.10114
1.05448
-0.98323
-1.29826
-1.02261
-0.954489
-1.41373
-1.29217
-0.977678
-0.959911
0.987418
1.03805
-1.0988
-0.895762
-1.12815
-1.25087
-0.928309
-1.05854
1.67522
0.877384
-0.609512
-0.721294
0.49236
0.397706
-1.12002
-0.828338
-1.04469
-1.13019
-1.42454
0.333753
-0.824356
-1.57459
-1.00691
-0.998976
-1.04451
-0.326776
1.25717
-1.18839
1.28543
1.23702
-0.978311
1.05075
1.34076
-1.18629
1.75771
1.03197
-1.25587
-0.847247
-0.201158
1.75136
-1.28449
1.09991
-0.957303
-0.742769
-0.0810407
-0.809235
0.683165
1.28723
-0.654814
-0.651461
-0.0686419
-0.88558
1.09356
0.961727
-1.0188
-1.08339
0.859303
0.361469
1.0308
-1.66018
-1.3588
-0.79894
-0.787205
-0.718898
-0.886701
-0.954156
-0.741138
-1.05041
-1.36413
-0.160458
-1.29197
-1.00606
0.30631
-0.874923
-0.477182
-0.88083
-1.03307
-0.239269
0.974958
-1.13983
-0.769847
0.767172
-0.618218
-0.88245
-0.845072
-0.205381
0.419175
-0.756426
0.693802
-0.852415
-1.03233
-0.631417
-1.29969
-1.05212
-2.01811
-0.973215
-0.877779
-1.4458
-0.764174
0.948844
-0.729229
-0.690632
-1.1121
0.370204
-0.862476
-0.828157
-1.01513
1.23715
-1.11805
-1.45367
-0.568358
-1.32932
1.44463
-0.0543916
-1.69045
-0.940835
0.0408062
-0.785352
-0.808555
-0.932279
-0.99045
0.173074
1.05691
-0.724103
-0.790219
-0.767552
0.168085
1.46574
-1.07559
-2.12602
0.785719
-1.06775
0.473824
-0.778983
0.18601
0.424635
-1.19151
-0.475756
0.70909
-0.973211
-0.655255
-0.475383
-0.843587
-0.558269
-1.16915
-0.833059
1.16083
-0.628049
-0.983253
-2.33456
1.95515
-1.04712
0.689286
-0.28952
-1.22464
1.74939
-0.670337
-0.988852
0.63594
-1.23214
-0.963364
-0.778829
-0.689199
-0.974176
1.29491
1.03505
1.31904
0.320181
-1.32314
-0.854997
0.165786
-1.32427
-1.40261
-0.360261
1.02407
-1.48355
-0.537825
-1.40707
-1.5908
-0.974167
1.19931
-0.66641
-0.877288
-0.589313
-1.1613
-1.37014
-0.664595
0.245358
0.346806
-0.90253
-1.16152
-1.09687
-0.82593
-1.01238
0.490825
1.06235
-0.764065
-1.19416
-1.27911
-1.03976
-1.11008
-0.660429
0.882545
0.649261
-0.468792
-0.357765
-1.24568
1.37527
0.796821
0.289331
-0.53724
0.473419
0.572573
-1.04716
-1.28708
0.0407353
-1.05649
-1.4088
0.979362
-0.669898
0.336148
-1.17825
-1.01279
-0.877113
1.14015
0.759261
-1.13357
-1.14256
0.931925
-1.54678
-0.952456
0.354553
-1.03871
-1.15628
-1.10415
-0.906255
0.135418
0.583051
-1.04632
0.892814
1.48783
-0.645198
1.13822
-1.03436
2.02603
-1.02557
-1.04956
-1.11646
-0.853073
0.0722842
-0.956389
-0.715609
1.14827
0.456449
0.802362
-0.0702412
-0.277193
-1.3274
1.00934
-1.07613
0.659182
-1.07982
-0.0978679
-0.874898
-0.982499
-1.03703
-0.480204
-0.840985
-0.917346
-0.699248
0.891639
0.101733
-1.68787
-0.742463
-0.130169
0.992346
0.00403812
-1.11712
-1.15538
0.950021
-0.636313
-0.675845
-1.55354
1.34312
0.0388811
-0.818156
1.59614
-1.37858
-0.630071
-1.15324
-1.56465
0.686042
-0.328633
-1.08341
-1.10439
-1.18399
-1.1422
1.42445
1.01365
2.07682
1.29628
-1.03375
1.39798
0.288196
-1.02978
0.808716
0.79639
-1.42099
-0.888706
1.35814
-1.23055
-0.708684
0.711739
0.368226
0.176463
-0.793732
-1.14581
-1.02912
0.494653
-1.25903
-1.06493
-0.982781
-0.911454
-1.33238
0.889107
-0.866582
-0.768494
-1.24308
-1.00708
-1.03311
-0.0560879
0.63839
-1.01433
-0.789608
0.019874
1.29217
0.0773223
-1.26616
1.33899
-0.182773
-0.674876
-0.856239
-1.04991
-1.85259
1.00373
-1.06552
-1.49114
-0.522769
-1.07519
-1.2909
-0.0718112
1.46773
0.22525
0.491866
-0.987424
-0.782368
0.820251
0.986565
-1.25845
-1.18425
-0.622563
-1.08754
-0.939438
-0.462922
1.25461
-1.20081
-0.959216
-0.882549
-0.0379403
0.855576
-0.63471
-1.06596
-0.825089
0.321827
-1.18159
-0.874019
0.752795
0.737442
-0.933558
-1.65676
-0.886348
0.976306
-1.2071
-3.18892
-1.16103
-0.789896
-0.970853
-0.632673
1.72199
-1.42257
-1.41162
1.4673
0.639968
-1.40065
-0.7615
-1.25211
-0.851936
-0.961207
-1.11839
-0.947888
1.71777
0.0265382
-0.18704
-0.393409
1.26151
-1.36744
-0.859219
-0.648966
1.4742
0.450997
-2.39447
-0.946783
-0.719772
-1.10784
1.43148
1.31966
0.296265
-0.701104
-0.711694
-1.12989
-0.993537
0.76094
-0.657704
-0.107353
0.89128
0.742496
0.272674
-1.13778
-2.04269
-1.04635
-0.830392
0.482327
0.399647
1.33993
0.104016
-0.611514
-1.09343
-0.475698
-0.717132
-0.75265
1.25594
-0.854158
-0.599663
1.46531
-1.10275
-1.15526
-1.16852
-1.13692
-0.748764
-0.281733
-0.675652
-0.970968
-0.723544
-0.854667
-1.1715
-0.421547
-0.651623
0.628403
0.528978
-0.475192
1.24301
-0.123919
-0.391325
-0.806967
0.0124255
0.564768
-1.79967
0.773309
-1.12365
2.1154
0.289423
1.43869
-0.733656
-0.983215
-0.793588
1.45872
-1.32006
-0.942409
-1.05446
0.524947
-0.577915
-0.87845
-1.0693
-0.467149
-0.896313
0.647039
-1.26484
-0.819277
-1.12799
0.680908
-0.971354
-0.736998
-0.993408
-1.40564
-1.30781
-0.52408
1.73656
0.342094
1.24506
1.57472
-0.775656
0.35423
-0.921093
0.873585
0.929595
1.02356
-1.15318
-0.670058
-0.866071
-0.932241
-1.45815
0.852822
-1.414
-1.02946
-0.897388
0.356866
-0.865105
1.01076
1.15575
-1.54199
-0.992694
1.98004
-0.807273
1.84142
-0.615456
-1.32468
-0.719307
-0.825971
0.239288
-1.06038
-0.592371
-0.869174
-0.886563
-0.0985368
0.774625
-0.738238
-1.10901
-0.947469
2.87386
-0.619162
-1.27904
-1.1047
0.351026
-0.817374
-0.790591
2.02681
-0.425486
-1.14382
-1.04463
-1.32173
-1.24345
0.0846972
-1.14573
0.662846
0.962915
0.238382
-1.1245
-1.12571
-0.487094
-1.13824
1.03075
-0.838724
1.44552
-0.229803
-1.04457
-1.13317
0.178101
-0.726976
-0.758657
-0.127232
0.967299
1.12995
0.779789
-1.24494
-0.802322
2.25558
-0.889001
-0.842716
-1.21368
-1.37203
-0.207063
-1.24331
-1.15454
1.26764
-0.850081
-0.0231674
1.67194
-1.02366
0.455233
-1.3099
-1.07011
0.27736
-1.21483
-0.915528
-1.27262
-1.26732
-1.06052
-1.15252
-1.05666
1.1765
-1.32209
-0.928957
1.34214
1.33099
-0.699852
-0.825949
-0.911843
-0.173142
-0.571608
-0.102214
0.776356
1.72665
-1.81161
-0.662633
-0.754187
-1.10248
-0.824843
1.3293
-1.02751
-1.29179
-1.08538
1.1157
-0.638493
-0.912387
1.53758
-1.09362
-1.15073
-0.742769
-0.993988
1.69074
-0.92722
-1.07255
0.856261
0.506421
0.780159
-0.297064
-0.816378
-1.00756
-1.01221
-0.772957
-1.46804
-1.77768
2.92416
-2.15048
-1.01524
0.783427
-2.24349
-1.04809
0.815653
-0.292378
-0.924124
-0.901968
-1.37066
-1.11489
1.23638
-1.02863
1.87571
1.20242
-1.06686
-0.784833
-0.100769
-1.22154
-0.443898
-0.853567
-0.606046
0.0310962
-0.094533
-0.814791
-1.43833
-1.01293
-1.09946
-0.844448
0.791858
-1.21898
-1.21799
0.677042
-0.118454
-0.404166
-0.788706
-1.1744
1.83604
-0.347393
-0.811447
0.919422
1.696
1.38932
-1.16829
2.28558
-1.10433
-0.985677
-1.11069
-0.313224
-0.958108
-0.265794
-1.26711
1.28779
-0.867419
-0.59876
0.738514
0.0491089
1.20567
-1.06721
0.886004
0.723448
0.210438
-1.09883
-0.711541
2.04798
0.836167
-0.88181
-1.19932
-0.312554
-0.846741
-0.807259
-0.715064
1.1786
-0.935024
-1.1841
0.983723
-1.05095
-0.8404
-2.13037
-2.03501
0.536303
-1.08541
-0.662037
-0.309952
-0.841435
-1.33449
-1.12164
-1.28586
-1.28375
1.1227
0.797884
-1.54342
-1.25872
1.08463
0.652267
-1.46185
-1.02138
0.972625
0.0884948
-0.560912
-0.999809
-1.09823
1.37227
-1.24574
-1.72326
-0.494
0.304908
-0.297022
-1.75315
-1.08828
-1.25093
-0.0828678
-0.983802
-1.54847
-1.00106
-0.829519
-0.68949
-1.41129
-0.968569
1.0989
-0.958198
-1.15973
-1.28783
-1.06608
-1.00224
-1.00673
0.000727506
1.11942
-1.02729
1.16654
-0.737037
1.67962
-0.856611
-1.01842
-1.13572
-1.37556
-1.01495
1.7447
-1.1612
-1.33163
-0.576721
-1.36676
-0.389572
-1.12148
-1.35445
0.383216
-1.05663
-1.11248
-1.17568
1.3668
-1.43211
-1.30679
-1.2122
-0.858986
-0.669429
-1.13783
-0.599653
-1.06474
0.839781
0.885505
-1.11046
-0.842499
-0.56272
-0.512312
-0.754972
-1.41717
0.00515289
0.253104
-0.508749
-0.685014
-0.698962
0.892183
-0.845063
0.313721
-1.55879
-1.17264
-0.821137
-0.853811
0.0817552
2.07463
0.652929
-1.09821
-1.16242
0.295923
-0.0114115
-0.653511
0.709362
2.46239
-0.794328
-0.455096
-0.762073
-1.25067
-0.313847
-1.33671
-1.392
-1.5121
-1.10365
-1.10349
-0.834548
1.51295
-0.900988
0.686967
-1.14695
0.542391
-0.850923
-0.511341
0.595106
-1.06993
0.0693974
-1.03926
0.0104282
1.64708
-0.90694
-0.174944
1.29905
-0.93784
0.773827
-0.928318
-0.950452
-0.264418
-0.827106
-0.63698
1.25652
0.492093
-1.02539
-1.06097
0.725662
0.237786
0.262881
-1.21129
0.763543
-0.0981022
-1.08386
-1.12551
-0.63426
-0.686506
-0.969246
-0.567581
-0.65803
-0.103785
0.421208
1.2417
-1.91645
0.0624076
-0.973214
0.632679
0.741671
-0.0875469
-1.21691
0.978365
0.810313
-0.469958
1.83076
-1.20746
1.57211
0.108709
1.13005
-0.843647
-1.44405
-0.588787
0.339884
-0.240884
-0.974475
0.0423791
1.19257
-1.07084
-0.635909
-0.138374
1.75387
1.52167
-0.934242
-1.16135
1.0281
-1.29863
-1.13945
-0.25261
-2.40236
-1.01632
-0.278984
-0.579873
-0.93404
-0.770688
-0.838628
1.53118
-1.77805
0.22008
-0.733193
-1.07156
0.53703
-1.07909
0.611355
-1.45371
-0.910462
-0.755304
0.653227
-0.748773
-0.514991
0.453498
-1.4015
0.168957
0.539624
-0.337903
1.93044
-0.997636
-1.13279
0.657128
-1.07845
-1.00451
0.538491
-1.23538
-1.4027
0.924353
0.899848
-0.881584
-0.899344
-1.05738
0.574478
0.527021
-0.942984
0.209285
0.549129
-0.833322
1.34449
0.211182
-0.995307
-0.756862
-1.06094
-1.26389
-0.812087
-1.23826
-0.785055
-2.61183
-0.783631
0.592482
0.459589
-0.383587
-1.36836
1.8268
-1.27477
0.433442
-0.69897
0.996149
0.946516
-0.852334
1.57986
-1.00163
-0.825823
0.862817
1.15666
-1.12638
1.62225
1.70518
0.00979214
-0.706324
-0.622029
0.528639
-1.40995
1.51209
-0.219389
-0.852449
-1.19759
0.800024
-0.809916
-1.24159
1.17091
-1.25632
-1.01764
-1.51797
-1.57205
-1.57322
1.01714
-1.25689
-1.32519
-0.960499
1.91694
1.18217
1.18648
-0.189482
-1.12263
-1.02902
2.10192
0.146543
1.15335
-1.10717
-1.20158
1.09409
-1.6478
-1.20624
-0.840302
2.23371
-1.1294
-0.048371
-0.65973
-1.56816
-0.549539
-1.09549
0.512054
-0.484168
0.783282
-0.535445
0.664245
-1.06588
-1.05932
-0.494153
-1.01061
-1.05787
1.39436
-1.23002
-1.09437
0.707745
1.93665
-1.08719
-0.94802
-1.03259
0.142335
-1.95475
-1.33565
-1.22696
-0.793778
0.231651
-0.965924
-0.813937
1.31667
0.387989
-0.707659
-1.41055
-0.655912
1.1548
-0.206544
-0.401165
-0.815947
-1.02055
-0.465563
-1.19881
1.36638
-0.968264
-1.33124
-0.517076
-1.02331
0.635692
-0.498904
-0.883501
-1.36499
-0.0899673
0.89673
-0.692336
-1.09207
-0.889581
-0.32521
-0.938774
-1.19874
0.581535
-0.658409
-1.36878
-0.0175322
-0.89717
-2.07505
-1.21313
0.898426
1.27401
-1.06335
1.97721
-0.922404
-0.914942
-0.935664
-0.990887
1.46135
0.735759
1.36398
0.5786
-0.0827402
0.580649
-0.993477
1.44605
-1.37856
-1.38665
-0.0314908
-1.05572
-0.93048
-1.13008
0.307858
0.844772
-1.28263
1.19019
-0.770891
-1.60696
-0.786294
-1.05064
-0.758981
-1.11645
-0.826618
-1.1469
-1.40709
-1.30274
-0.739836
0.375424
-0.663727
-1.51525
1.02175
1.10367
0.461239
0.489463
-0.894961
-0.829385
0.612869
-0.105173
-0.774743
-1.22012
0.641972
-0.603128
-1.1544
-0.639011
-0.333173
-1.31298
-1.48661
-1.19224
-0.936154
0.2056
-0.95176
0.133066
-0.592293
1.16813
-1.13062
-1.01007
1.14889
-0.837577
-0.884556
-0.504082
0.873886
0.497714
1.53277
-0.648592
-1.27394
-0.861779
-0.958601
1.75974
-1.16506
0.117347
-0.866448
0.562678
-0.332687
-0.940635
-1.24672
-1.28573
-1.11027
0.655733
-1.54096
0.793159
0.678109
-0.659429
0.465395
1.05599
-1.08227
0.889857
-1.3718
-0.732872
-0.502861
0.85337
0.857048
-0.975751
-0.825442
1.32464
1.28747
1.17924
-0.990436
-1.19749
-1.27274
-1.11786
-0.536446
-0.768557
-1.07012
-0.0674123
-0.986585
-1.08018
-1.37779
-0.675895
0.852215
-1.10393
0.954459
-0.95847
-0.916496
-1.67951
0.0120118
0.353012
-0.227216
-1.02902
-1.25622
-1.20222
-1.00133
-0.90619
-0.950417
-1.08681
-0.824357
-0.395634
3.00196
-1.15084
-0.218453
-0.856873
-0.831522
-0.538238
-1.43275
-0.726877
-0.865775
-0.274685
-1.01457
-1.02083
-0.834321
-1.19938
-0.791658
0.963449
-1.15934
0.452071
0.0571286
0.932468
-1.27252
1.77646
-1.18917
0.297859
-0.846957
0.413104
1.42859
-0.441821
-0.251254
0.547085
0.275548
0.534706
0.954397
1.86506
-0.205812
-1.1047
-1.27468
1.978
-0.00754912
-1.32772
-0.963942
-0.971704
-1.08804
0.875123
-0.902525
-0.980441
-0.898308
-0.948701
1.0245
1.43519
1.07049
-0.727703
-1.03664
-0.781985
-1.26694
1.33758
-0.902226
1.0528
1.64935
-1.38969
-1.66606
-0.278096
-0.744808
-0.655816
-1.42405
-0.0159617
1.56266
0.323987
0.410383
0.0988582
-0.0782679
1.15733
-0.921224
-1.53895
-0.871368
-1.10205
1.23454
-0.122228
-0.50782
-1.02342
0.372143
1.519
-0.948982
1.65763
2.26208
-0.884451
-0.69585
-1.22396
-0.94052
-1.0495
-1.04516
-0.33529
0.528736
0.792087
-1.05477
-0.970572
0.882618
-1.14234
-1.56441
-1.15463
-1.49661
1.19985
0.651698
0.138922
-1.18843
-0.946589
-0.652283
-0.618218
-1.89457
-0.982179
-0.32502
-0.683992
-0.841169
-0.483869
-1.41177
0.0130623
0.860569
-1.21208
1.22385
-0.947698
0.0617592
-1.1185
-0.927189
-0.746725
-1.16366
-0.803935
-1.32815
-1.13765
-0.396733
-1.2298
-1.19994
-0.905343
-0.493961
-0.835879
-0.841255
0.148256
-0.562357
0.226688
-0.957232
-0.641554
0.0139374
-0.954891
-1.34051
0.20084
-1.37317
-0.634787
-1.0659
-1.25433
-0.977594
-1.14192
0.0813
-1.02147
-1.06194
-0.24747
-0.877127
0.911628
1.68675
0.31447
-1.3887
-0.851985
-1.16866
-0.673635
0.621925
-1.0526
-1.36925
-0.621355
-0.977477
0.517067
-1.19886
-0.85592
0.891728
0.591737
0.85816
-1.45233
-0.968982
-1.2146
0.747358
-1.38702
-1.49729
1.49127
-1.75561
-0.713835
-1.22024
-0.909957
-1.22555
-1.15764
-0.796415
0.987419
-0.837661
-0.92458
-1.04678
0.69521
0.106388
-1.05433
-0.947593
-1.36971
-1.10651
-0.728884
-0.788529
-0.203672
0.304548
-0.956472
0.878086
-0.363345
-0.770256
0.420934
1.32083
1.82093
-1.33198
2.01581
0.437721
-1.26934
-1.21809
1.36649
1.18459
1.48839
-1.30093
0.940689
-0.617112
0.0585798
-0.925304
-1.14884
-0.850678
-0.537761
-0.811789
0.595571
-1.3905
-0.938987
-1.5427
-0.927358
-1.05505
0.894129
-0.0812909
1.30087
-0.416611
-1.43899
1.66204
0.977007
1.17161
-1.1664
-2.91493
-0.765552
-0.821488
-0.930889
-1.10965
-1.09261
-2.33807
-0.858232
-0.936219
-0.627494
-0.450625
-1.53122
-1.05421
1.33693
-1.29672
0.684727
-0.716901
-0.660929
-1.10875
-0.863762
1.08848
1.04526
-0.978773
-1.28036
1.41163
-0.158867
0.772384
-0.54545
0.784288
-0.624435
-1.13132
1.62018
-0.954633
-1.3662
-1.35383
-1.18254
-0.0355168
0.851192
1.25788
-0.85709
0.7991
-0.322753
-1.23414
1.54428
-1.20776
1.22647
1.40665
-1.19876
1.2795
-0.685691
1.20771
-1.12174
-0.841774
-0.769667
1.24333
-0.0189989
-0.811616
-1.03347
-1.47897
-0.989518
-0.947382
-1.07173
0.966744
-0.759933
1.02049
1.40365
-1.24881
-1.27935
0.956003
-1.38386
0.142261
-1.33969
-0.184538
0.986112
-1.17017
-2.86484
-1.29198
1.35743
0.203813
-1.02089
-0.0515866
-0.919857
0.421946
-0.621993
-0.82696
-1.41601
-0.368094
-0.602986
-1.04373
-1.06392
-1.58612
0.34535
-0.952751
-0.677875
-0.985351
-1.13526
-0.792282
-1.25832
-0.992439
-1.21685
-0.764841
1.24387
0.89418
1.6904
1.01039
1.13861
-1.11161
1.41085
1.01189
-0.103498
0.060366
-1.31441
-1.13166
-0.616206
-1.0013
-2.11222
0.907882
1.25461
1.0544
-0.404851
-1.21969
0.10125
-1.0113
0.573625
-0.987979
-0.310383
1.51505
-1.144
-0.851157
0.0565737
-0.776374
-0.886101
-1.853
-1.20637
-0.942324
-0.657763
-0.880477
-0.861577
0.628355
0.426129
-1.16465
-1.29804
-0.478312
-1.15218
0.204985
0.589512
-1.12118
-0.971391
1.29284
-1.15364
-1.15565
1.72472
-0.265491
-0.450154
0.775588
-1.15514
-1.36299
-0.872437
-0.602565
-0.818235
0.559685
-0.706627
-0.908085
1.57935
-0.110366
0.630771
-0.61627
-0.583254
-1.40933
-0.543343
1.01971
-0.859705
-1.0789
-0.741101
-1.46282
-1.33503
-1.20953
0.674682
-0.695707
-0.981623
-0.603086
-1.14802
-0.804119
-1.52539
-1.15274
0.62273
-0.961312
1.63439
-1.21636
1.88523
1.24546
-0.940659
-0.690828
-1.07103
-1.42293
-0.292605
-0.82665
-0.736276
-0.94831
-0.679898
-0.792646
-0.942218
-0.497696
-0.0465
0.791319
-0.443477
-1.38633
0.887122
-0.764357
0.177706
-1.16754
1.29321
-0.765977
0.834258
-1.27846
-0.855
0.125189
-1.03428
-0.566177
-1.02006
0.590381
-1.00663
-0.0578864
-1.99914
-0.183443
-0.688486
-0.720597
-0.985352
1.52712
-1.19034
-0.265969
1.04318
1.15307
-0.765843
-0.846007
-1.04935
1.08812
-1.36261
-1.48169
-0.728252
-0.445611
0.446318
-1.82699
0.885419
-1.92454
0.427849
1.15875
1.5655
1.14515
-1.3289
0.958563
-1.59008
1.02668
-0.814956
-0.716521
-1.0158
0.335215
-0.75828
-0.990719
-1.14324
0.337052
-1.23836
-1.10055
-0.962757
0.865256
0.393361
0.804063
-1.30256
-0.734291
0.941128
0.338711
-1.54828
1.50167
0.912107
-2.11846
-0.878038
-2.0487
-1.24931
1.31038
-0.657931
-0.876492
1.42039
-0.80247
-1.34284
-1.17678
1.16378
-0.91494
-0.687255
-0.219547
1.34023
-1.14865
1.07484
1.22771
0.727827
-0.740421
-1.0402
-0.754472
-0.942204
0.916548
0.723104
1.50359
1.66282
-0.81743
-1.40881
-0.603776
-1.12738
0.553982
-0.135355
0.739759
1.28295
-0.367814
-1.1443
-0.760022
-2.05904
-0.985691
-0.864548
-1.20095
-0.987504
-1.49998
-1.10177
-0.588157
-1.18801
-0.665853
-0.740426
0.627294
1.68355
1.09118
1.1576
-1.04227
-1.2916
-0.936651
-0.944582
-0.497578
1.5447
0.940137
1.66941
1.42645
0.409062
-1.04937
-0.724884
0.158717
-1.09125
-0.242994
0.83947
-0.650131
-0.673783
-0.934657
1.38635
-0.171528
-1.13517
1.57493
-1.60621
-1.8025
-0.72895
1.17957
1.73189
-1.45572
-0.595725
-1.11755
-0.940097
0.849137
-1.12345
-0.552587
-1.84368
-0.772074
-1.23769
0.417904
0.548977
-0.519559
0.548316
-0.921359
-1.15014
-0.72254
-1.02373
-1.17419
0.950018
1.44012
-1.52407
0.570399
0.396103
-0.891377
-1.50545
-0.791984
-1.37806
-0.819179
-1.10755
-0.105212
0.443755
-1.30538
-1.1247
-1.45861
1.76575
-1.30586
2.02396
0.847167
-1.02452
-0.976404
1.68704
-1.34005
-1.06036
1.44889
0.803351
0.640424
1.77266
-1.23848
-1.03969
-0.616703
0.878491
-0.338753
1.77467
-0.970525
-0.760542
1.07065
-0.627385
-0.650234
-0.857604
-1.57527
-0.456207
-1.01302
-1.00085
-0.943251
-0.793683
1.00491
1.55005
0.471258
0.539576
1.18856
-0.493566
1.11151
-0.0933575
0.894632
0.113185
-1.18564
0.484105
-1.01629
-0.453018
-1.10318
1.61674
0.248533
-1.25797
0.403639
-1.26264
-0.895258
-1.20374
-0.972541
0.475802
-0.920849
-0.885252
-0.927091
-1.99805
0.792823
1.76567
-1.21709
-1.16822
-1.15665
0.0870927
-1.23272
-1.27155
-0.84471
-1.21996
0.216341
0.133656
1.85226
-1.1741
-1.06212
0.591933
-1.55791
1.23476
1.69022
0.0926269
-1.00969
-2.19166
0.322416
-0.859381
0.0783869
1.26531
-1.35761
-1.23351
-0.9111
1.0197
-0.83244
0.680025
-0.931035
-0.965657
-1.43114
0.144118
-0.891933
-0.67676
-1.7387
1.41707
-0.793209
-1.19945
-1.16426
0.311745
-0.12406
0.882051
-0.0285764
-0.935909
-0.666855
1.01365
-1.1348
-0.521777
-0.856051
-0.327125
-0.321642
-1.44294
-0.678277
1.52543
-0.828201
1.72675
0.605976
0.0347164
0.627711
0.823165
0.736177
-1.25238
0.777622
0.452409
-0.914268
2.14746
-2.33602
-1.00043
-1.18938
-1.3902
1.50214
0.797004
-1.1097
-1.43826
2.08266
-0.922299
-1.63548
0.286454
0.138123
-0.818476
1.12029
0.487909
-1.26107
1.14812
0.484397
0.872495
-0.911828
-1.4254
-0.849034
0.280891
0.629768
-0.304351
1.59615
-0.928647
-1.16347
-0.934265
1.01973
-1.27512
-1.07172
-1.10594
-1.56186
-0.620127
-0.90519
-1.16073
-1.01039
-0.239937
-0.851732
-1.00921
-1.07086
-1.04839
-1.29324
-0.308052
-1.26611
-0.641871
-1.08133
0.941836
-1.06933
-0.72264
-1.17659
-0.727944
0.695587
0.701308
2.10055
-1.26949
0.775802
0.895347
-0.794649
-0.298328
-1.20177
0.473281
-1.15679
-1.00802
-0.879088
-0.738684
-0.920097
-1.3104
-1.29268
-1.26654
-0.913367
1.46718
0.588614
-1.17242
-1.48997
-1.01119
0.687607
-0.955221
0.338
0.511606
-1.16643
-0.834732
-0.816034
-0.916992
-0.418879
-1.15107
1.72017
0.5567
-0.587211
-1.25338
-0.0624397
-1.3639
1.78331
-0.95
1.14528
-0.142682
-0.802246
-0.710521
0.179059
-1.34683
-1.29526
1.07821
0.842223
0.101826
-1.35466
-0.317542
-1.28182
-1.35454
-1.28133
0.349304
-0.622451
-0.861354
-1.1926
-1.2828
-0.991284
2.3897
-0.955619
-1.18083
-1.11819
-0.85494
-1.33772
0.446855
-0.870356
-0.0197045
1.12768
1.1435
1.29585
-0.549374
-1.28118
-1.44058
-1.06987
-1.0697
-0.940962
-0.863032
-0.614179
-0.809555
0.982285
0.137274
0.739723
-1.36032
0.685579
-1.61826
-1.2114
1.09247
2.57209
0.644405
0.242767
0.0975277
-0.103652
-0.34013
-0.642115
0.0906357
1.1742
-0.49396
-1.25241
0.120423
1.45834
-0.966845
-0.92586
1.04277
-0.663746
-0.475701
1.81716
0.704086
-1.24717
-0.73356
1.17259
0.902135
-0.029084
1.42493
-0.832283
-0.722188
1.29922
-0.980367
-1.21525
0.03575
-1.36463
2.37526
-1.15864
1.27726
-1.51968
-0.4973
0.888849
1.97553
1.14667
-1.31732
0.550456
1.17622
-0.861281
-0.74937
-1.36456
-1.07338
-1.18053
1.05458
-1.14764
0.499923
0.579744
-1.09571
0.327404
1.27605
-1.09949
1.00675
-0.997204
-1.13452
-1.08176
-0.382655
-0.849009
-1.41433
-1.19368
0.623731
-0.73072
0.469348
-0.969518
-0.922599
-1.54833
1.01991
1.12074
-1.41127
0.767105
0.806399
-1.17407
-0.305654
0.61429
-0.642617
-0.363115
-1.07722
0.234376
-0.865295
-1.31604
-1.27934
0.506667
-1.22333
-1.13108
-0.708184
-1.17604
-1.19077
0.475808
-1.07499
0.674176
-0.87113
0.370178
-1.47715
-1.45069
-0.545307
0.714857
-0.649234
-0.714061
-1.2981
-1.07407
-1.24378
-1.60859
2.25311
0.589992
1.54111
-0.955313
0.332607
-1.15936
-0.984663
-0.885529
0.567941
-1.3617
1.02739
1.35052
0.280574
-1.17262
-0.868487
-0.507604
-1.47784
-0.243682
0.398956
-1.27887
1.1207
-0.461836
-0.689669
1.15093
1.41345
-1.04968
0.017158
-0.692561
-1.14115
-1.13488
0.793089
-0.677694
0.62496
-1.60605
-0.984172
0.501263
-0.715439
-1.33788
0.0398039
0.261307
-0.840575
-0.881107
-1.00456
-1.0081
-0.609705
0.318532
0.127704
-1.23466
-0.845988
-1.29164
-0.817337
2.45266
0.873285
-1.14879
-1.07821
-1.31382
0.536594
-1.37022
-1.40183
-1.4448
0.03714
1.59196
-1.14318
0.870988
-1.12498
-0.0921529
-1.00717
-0.305425
-1.43674
1.25211
0.807021
0.403158
-0.806607
0.772887
-0.441616
0.107449
-0.852639
-0.964649
-0.639197
-0.709995
-1.08566
-2.19183
-0.39774
-1.0329
1.97402
0.915427
1.03655
-1.13536
0.148639
-1.09467
1.06915
1.9156
-1.15484
-1.00712
2.26993
-1.4238
-1.35343
1.29176
-1.41309
-0.914024
-0.525981
-0.83461
-0.881392
0.531585
-0.853811
-1.07574
1.33044
0.674061
-1.07532
-0.709136
-0.0586953
0.736905
1.02965
1.92899
-0.736995
-1.33349
-1.20738
1.11118
-1.2684
0.346623
-1.04619
-1.30744
-1.0334
-0.873055
-0.559445
-0.721125
-0.205674
1.295
0.717988
-0.728668
-1.26197
-1.25504
1.55272
-0.850803
-1.12914
-0.998447
-0.788991
0.995841
-1.45318
-1.55605
-0.0840155
0.238003
-0.835145
1.43228
1.62603
0.558572
0.878272
0.561728
-0.782915
0.824694
-0.888797
2.45217
-0.00889062
-1.18049
-1.09712
-0.969583
-0.854484
0.755382
-1.35283
-1.19108
1.39321
0.938765
-0.791857
1.13691
0.438475
-0.781077
0.298965
-0.635121
-1.39001
-0.873159
1.6225
-0.0733916
-2.54627
-0.84799
-1.15202
-0.365277
0.706148
0.65756
0.568845
-0.679522
-1.87535
-1.41156
0.307968
-1.76035
-1.07094
-1.22042
0.332209
-0.532035
-1.13114
-0.881334
-0.928233
0.985554
0.102475
-0.89257
1.07269
-0.371788
-0.137208
0.280567
-0.936036
0.616971
-1.43866
-1.39128
1.14408
-0.985514
-1.2851
-0.966439
-0.436077
-0.76665
-0.834712
1.38544
-0.651341
-0.864401
0.915589
-0.744615
-0.729861
0.644068
0.110019
-2.03448
-1.1924
-0.0212028
-1.59955
-0.832928
-1.00603
-0.74634
0.722416
0.723186
-1.20906
-1.49561
-1.33484
-0.296971
1.83233
0.785026
-0.725319
1.60874
-1.05301
-0.865731
-1.41725
-1.00009
1.31473
-0.68249
-2.18287
-0.57864
0.952534
-0.758695
-1.43431
-0.472616
-1.05116
-0.74392
-1.02721
-1.64271
-0.803055
0.0896447
0.394462
-0.29625
1.56831
-1.20373
-1.54484
-0.962051
-0.996015
1.112
0.980093
-0.61638
-1.23303
0.285631
-0.864875
0.20757
-1.59977
1.42608
-1.13078
-1.11578
-1.10646
-0.880429
-1.11089
-1.24508
-0.900309
-1.04121
0.930374
1.57813
-0.744171
-1.13458
-0.8724
-0.872277
-1.45273
0.309009
-1.06025
-1.22738
1.42856
-0.757078
1.01319
-1.02169
-1.04158
-0.870402
-0.95492
-0.761575
-0.876953
-0.0292457
-0.167446
-1.44894
-1.96743
-1.17043
-2.458
-0.59733
1.37733
-0.925474
0.449882
-1.73577
-1.15959
-1.22217
-1.54663
1.34981
-0.962344
-0.373927
-1.0567
-0.240554
-0.988915
1.01004
-1.01685
0.695164
1.04241
-0.860186
-0.985975
-0.208961
-0.951852
0.320281
-0.867312
-1.39038
0.553803
1.21426
1.82021
-1.42787
1.55659
0.366718
-1.1735
-2.1416
-1.35124
-1.00122
-0.526131
0.242096
1.77226
-1.16783
1.76127
0.769274
0.410424
-0.931996
-1.05542
0.309561
0.423476
0.187818
-0.817976
-1.5051
-0.888917
-0.723217
0.0263527
-0.974405
-0.114587
0.324769
1.35045
1.08619
-0.720533
0.962644
-2.67282
-1.4347
-1.18327
0.398949
-0.849228
-1.14197
-1.06374
0.611902
1.00388
-1.25616
-0.975755
-1.10961
-1.18012
-0.726421
-1.22707
-1.21677
-1.19241
-1.07978
0.890466
1.60603
-1.32446
0.608088
-1.01808
0.610274
1.22513
-0.808549
-1.08188
-0.14906
0.377328
-0.370737
-0.769099
0.455763
-1.4731
1.21081
-0.794499
-1.30706
0.392987
-1.04011
-0.566159
-0.857141
1.60222
-1.79774
2.31989
0.2246
-1.00198
-1.08956
-0.473746
-0.925294
-1.08225
-1.20334
-0.332022
0.795592
1.70274
-1.08623
-1.75676
1.56656
2.61786
0.351112
-0.908247
0.0840955
1.11079
-0.612686
-0.658037
-0.913907
-0.765002
-0.978168
-1.16449
-0.931849
0.86653
-0.436061
-1.11268
-1.03937
-1.36348
0.182169
-0.886759
-0.508769
0.467426
-1.13996
0.0585228
-1.23996
-0.865748
-0.373437
-0.69223
-1.06172
0.622565
-1.25103
-1.44813
-0.947903
-1.49258
-1.30319
-0.0794493
-1.04552
1.21753
-1.12144
-1.10111
-0.684247
0.791474
1.1592
-1.91972
-2.38048
-0.991256
0.0896423
-1.32292
1.80942
-1.33038
-1.20473
-1.39407
-0.412502
-0.794353
0.331208
-0.910014
1.1513
-0.482775
-1.09699
-1.0679
-0.651735
0.476055
-0.900319
0.882754
-2.04783
-1.12143
-0.987384
-0.261006
-0.818399
-1.20161
-1.14633
-1.14492
1.77163
1.69366
-0.603211
0.180503
-0.467169
-1.43366
-0.123885
-0.909996
-1.70903
-1.1799
1.69082
-1.09464
-1.18754
0.711413
-1.02773
-0.772375
0.627539
-1.31349
-1.0501
-1.10228
0.984357
-0.926489
-0.144988
-1.05433
-0.714664
0.772543
0.778341
-1.04818
-0.529496
-0.783819
-0.846959
0.641252
-0.81602
0.421978
1.12658
-1.27743
-1.47276
1.19168
0.962352
-0.757015
-0.847584
-0.144503
1.32657
-1.15761
-2.00804
-0.697672
1.30161
-2.01042
0.217011
-1.25546
1.03234
-1.1598
0.100898
1.97359
0.572524
1.19749
2.14353
-1.4755
0.32728
-0.952127
-1.83835
-0.750706
-1.32882
-0.950115
-0.978389
-2.44061
-1.6533
-0.772801
-1.19252
0.493939
-1.32814
0.274859
-0.68271
1.35604
-0.107975
-0.683796
-2.19798
-0.586827
-1.77934
1.3197
-1.29063
-0.474759
-0.502082
-0.0305867
-0.875724
1.37637
-1.14533
0.549958
-1.00559
-1.59437
-1.01387
-0.624439
-1.19492
-0.707621
1.00857
-0.711103
1.08589
0.121525
-0.361731
-1.14161
1.88905
-1.07587
0.196826
1.67921
0.63199
-0.53724
1.15176
-0.011903
-0.99964
-1.17324
-0.627623
-0.969933
0.434124
0.410752
-1.24466
-1.14876
0.118787
-0.96296
-1.25116
-0.857805
1.22372
1.49225
-1.10643
-1.36171
-0.89947
0.451702
1.7913
1.28861
-1.15494
-1.22692
0.226084
1.9979
-1.56255
-1.96237
-1.3261
-1.3368
-1.20061
-0.948571
-1.19226
0.816039
-0.788636
-0.688777
0.620956
-0.667751
-0.892059
-0.943821
-0.629298
-0.57965
0.180978
-1.06089
-0.614224
0.962774
-0.708064
-0.913401
0.660421
-1.14524
-1.19171
0.824878
0.452512
-1.28449
-0.897691
-1.19541
-1.06756
-0.717484
-0.773474
-1.25031
-1.26167
-0.887586
0.223649
-0.30048
-1.54801
-0.716696
-0.159772
-1.46797
0.761492
-0.569456
-0.33699
-0.566975
-1.20452
-0.257387
-0.888748
-1.11813
-1.6061
-0.985222
-1.44542
-0.653524
1.60793
-1.27849
-0.367032
-0.174475
-0.609989
-0.620188
-1.22651
0.742417
-0.872733
0.753551
0.297958
1.31408
-0.765886
-0.723904
-1.26691
1.76178
-0.984761
0.898601
0.102565
0.625772
-0.889862
0.853084
0.0825804
-0.771836
-0.828956
-0.894409
-0.856754
-0.265746
0.685747
-0.052127
-0.981233
-0.743313
-0.901434
1.51971
-1.12033
-1.18635
-0.353175
1.77795
-1.46422
1.32224
-1.30074
-0.949167
0.798265
1.04111
-1.31063
0.899656
1.77886
-0.576213
-0.172761
0.933332
0.390254
-0.971798
-0.829227
0.647431
0.53501
-1.00796
-1.15647
-0.884326
1.92446
1.521
-1.33221
1.782
-0.696537
0.331174
-1.1669
-1.08138
-0.403125
-1.01351
-0.728168
0.364884
0.437086
-0.925021
0.787162
1.23165
-0.554722
1.67186
0.957469
1.88048
0.378711
-0.887021
-1.15778
1.99505
-0.710577
-1.80579
-0.815011
-0.839796
-1.14517
-1.25772
-0.658194
-1.20658
0.721371
-1.03526
-0.397065
-0.807786
0.167637
-0.570091
-0.634733
1.47025
0.0187974
0.4952
-1.52159
1.6279
1.26243
0.357126
1.68084
-1.47697
0.875732
-1.30356
-0.0373015
-1.20343
1.17041
1.17543
0.409622
-1.18481
-0.627495
-1.20252
1.40226
-0.554501
-1.10147
-0.820469
-0.945195
-1.26891
-1.43911
-0.677127
-0.901881
-1.07455
1.19244
0.613401
0.577253
-1.02418
-0.626813
-0.717735
0.788354
-1.0412
-1.15841
1.07646
1.49024
0.598355
-0.991438
1.46877
-0.489949
0.754817
-0.887984
-0.997167
1.2505
-1.03293
-0.536179
-1.16486
0.106604
1.31301
-1.16826
0.827219
1.26275
0.931675
-1.12489
-0.0712269
-1.31111
-2.21387
-1.01571
-0.686887
-0.845748
-0.842519
0.719425
-0.581611
-0.831386
0.18855
-0.574924
1.086
-0.657578
-1.03341
1.44646
0.227792
-1.18151
-1.04189
-1.02249
0.810115
-1.33412
-1.11823
-0.684661
-0.663193
-1.0755
1.2114
0.136015
0.235573
-0.598875
-1.32056
1.17787
-1.54524
0.769927
-1.02048
0.121036
-1.69078
-1.16608
-0.549113
1.32583
-0.929026
1.68504
1.71745
1.17593
0.153721
0.355643
1.29243
-0.739183
-0.893879
0.85712
1.5751
0.487479
-1.03566
-0.906486
-1.2966
1.14319
0.412957
-0.725441
0.264331
-1.37425
-1.12038
-1.00248
2.07994
-0.392775
-0.580297
0.468979
0.735707
-0.894055
-0.906803
-0.810513
0.509619
-1.42641
-1.19609
-0.988477
-1.17754
0.271247
-0.936761
-0.373225
0.0907954
-0.87447
0.433004
-0.408819
-1.10437
0.517796
-1.22884
-0.0460003
-0.658714
0.339296
-1.17777
0.0248559
-1.00019
-1.1244
-0.979856
0.456498
-0.996897
-0.670327
-0.880188
-0.494025
-1.25297
0.235694
-0.628281
-1.15251
-1.25681
-2.4917
0.97533
0.0635544
-0.383902
-0.901505
-0.352023
0.896092
-0.619459
-1.46062
-0.821293
-0.786099
-1.30863
0.924275
0.433678
-1.07178
-1.16752
-1.17676
1.06944
-0.770997
0.662989
1.16969
-1.44995
-0.688208
1.70842
0.116508
-0.832178
1.50455
-1.25923
0.568834
-0.595356
-1.06246
0.764473
-0.927039
-1.06993
-1.41896
-0.903076
-1.63479
-1.31994
-1.35639
-0.810434
-1.02497
-1.17696
-1.09544
-1.6329
-0.831936
-1.08836
-1.35074
-1.09351
-0.891299
0.813427
-0.87048
-1.16635
0.194978
2.04916
0.322699
-1.1139
0.883864
-0.149845
1.79286
1.41791
-0.459142
0.508164
-0.687503
-1.21661
-0.344615
0.879995
-1.14118
0.401371
0.0391429
0.966917
-1.1229
-0.766268
-0.855421
0.81233
1.54501
-0.382501
-1.32013
-0.806958
0.744773
-0.809366
-0.916771
-0.724951
2.05497
-0.653422
-0.0675438
-0.890501
-1.07962
0.733443
-0.515757
1.1451
1.32767
0.0922236
-1.05981
-1.21657
-0.867116
-0.887825
1.81605
-0.806314
1.0115
0.653949
1.11156
-0.981707
1.06823
0.931912
2.0783
-0.257778
-0.734483
-1.0066
-1.28244
-1.50647
-1.04971
-0.0947297
1.36856
-1.22487
-1.11048
-1.05847
-0.864322
1.67176
-1.40583
-0.733791
0.649415
-1.74561
-1.21818
1.3467
0.291556
-0.830354
0.560719
-1.54515
-1.21751
-0.93037
-0.927393
-0.474516
0.13379
-0.733931
-0.957215
-0.822386
1.40564
-0.534901
0.566657
-1.34132
-1.5809
-1.47845
0.0678225
-0.509479
-0.694116
1.36792
-1.03252
-1.25355
0.673167
1.00794
-0.88464
-0.396405
-0.711835
-1.14047
-0.366942
-1.23725
-1.12201
0.689847
-0.893988
1.02838
-0.261143
-0.588181
-0.5428
1.08359
-0.569956
-1.26096
-0.563929
-0.638615
-1.00659
-0.94972
-0.518295
-0.29327
-0.969806
-0.273696
0.02031
-0.971243
-0.964335
-0.0781625
1.44956
0.274282
0.571073
0.377845
-0.746806
-0.769863
1.79865
-1.24153
-0.988339
0.288913
0.186019
0.840827
-1.16712
-0.36044
0.509939
1.20816
-0.959949
0.908388
-0.85756
-0.512592
-1.11845
-0.610194
-0.62867
-0.460275
-1.12974
-0.680105
0.698359
-0.511798
0.714585
-0.888041
0.2567
-0.76399
-1.05999
1.24349
1.15383
-1.22657
-1.10071
-0.668337
-1.32301
-0.87129
-0.50588
-1.37131
0.462733
-1.26301
-0.99332
-0.523558
0.832244
0.286135
-1.33367
1.75623
0.0175043
0.568327
1.35065
1.18692
0.11793
1.822
-1.19924
-0.741006
0.360146
0.789255
-0.56447
-0.933011
0.64016
-0.731618
-0.603641
-1.16665
-0.774403
-0.371496
-0.964147
-0.95048
1.00968
-0.75046
-0.868757
1.66192
-0.716175
-0.541766
1.24077
-0.746388
-1.27787
-1.44787
1.34946
-1.37752
-0.896825
1.22703
1.69727
-1.3251
-0.269294
1.41335
1.24188
-2.02984
0.987226
-1.45463
-1.03274
-0.408315
-1.13655
-0.587372
-1.31304
0.739575
-0.522385
-1.18567
-1.104
-1.10237
-0.402191
0.487479
-1.43845
-0.913834
1.15682
-0.99357
1.65081
-1.22499
-1.17973
0.904411
2.97405
-2.01061
-0.860046
-1.6814
-1.1875
-0.968291
-0.778738
-0.606363
-1.02059
0.958306
-0.970113
-1.10314
1.13351
-1.09806
-0.941022
0.964708
0.18808
-1.21476
-1.14957
0.673067
0.25296
-0.840446
-0.941191
-0.455087
-1.28038
-0.807769
1.19772
-1.3912
1.96879
-1.31057
-0.579893
-0.0882173
0.623077
0.054873
-1.04785
-1.26515
-1.59918
4.05656
-1.14306
0.153639
1.80203
-0.895522
-1.00675
-0.86546
-0.0694813
-1.01351
-1.40994
-0.809533
-1.43186
0.00943164
-1.14292
-1.08415
0.740902
-1.18598
-0.988324
-0.167136
-1.32719
-1.32476
0.511183
0.842969
-0.978199
-0.624132
-0.436465
-0.919742
1.25738
-0.66585
-1.1228
0.530359
0.480565
1.06178
-1.13624
0.429289
-0.566923
0.339049
0.316889
-0.59791
-0.788106
0.781304
-1.22873
-0.286497
-1.17469
-0.715527
-0.857767
0.533069
-0.98862
-1.19146
-0.789934
-0.91415
-0.990333
0.363603
-1.23746
0.90359
-1.27318
-0.810144
-0.859682
-0.232654
1.07169
-1.04353
-0.62472
-0.327232
1.3731
-1.01573
-1.51646
-0.940844
-0.836693
-1.04079
-0.932608
-1.01182
-0.723548
1.50962
0.092859
0.787074
0.321892
0.201416
0.274506
0.76705
-1.42058
0.779161
-1.4148
1.84858
0.890643
1.06298
0.227587
-1.09956
-0.722401
-0.892736
-1.27347
0.0678077
-1.23953
-1.00671
-1.37432
-0.514557
-0.742992
-1.42813
1.29617
0.306451
-0.921506
0.626138
-0.889636
-1.49586
-0.685528
0.160865
-0.735693
-0.597517
-1.31868
-0.501509
-1.18625
-0.696809
2.80526
1.49212
-0.715202
-0.0562794
0.155059
-0.649967
0.327369
-1.02117
-2.09416
-2.00772
-0.873962
1.73606
-0.744679
-1.27417
0.708914
0.901565
0.628467
0.896747
0.757868
-0.964711
0.493853
-1.50208
-0.803453
-0.63453
-1.09519
0.753149
1.10264
-1.0321
-1.12311
1.51653
0.972361
0.059522
-1.2323
-1.00017
1.3086
1.10835
-0.423818
-1.84528
-1.06123
0.454701
0.437391
-0.474704
-2.52848
0.312751
0.267743
-0.11903
-0.688219
-0.959061
-0.874829
-0.975775
0.670202
-0.35947
-1.06658
-1.08617
1.56042
-0.843345
-0.981219
0.385564
1.49105
-0.685461
-1.23279
2.43396
0.560159
-1.34104
-0.815963
-1.12941
-1.07057
-0.677264
-1.06135
-1.35854
1.28931
-1.12126
-1.40408
-0.982411
-1.41585
0.43178
-1.21764
-1.13253
0.448123
-0.708207
0.881339
-0.962026
-1.09414
0.806398
-0.160303
-1.11651
-0.673589
0.866241
1.12029
0.37848
0.594842
-0.742714
1.56152
-1.07705
-0.0219049
1.9961
-1.35547
-0.721192
-1.3879
1.05102
-1.08141
-0.71834
-0.727947
-0.619537
0.284357
0.271856
-0.383825
-1.12947
0.787382
-0.929146
-0.863687
0.38452
-1.10575
-0.874886
1.40103
-0.940381
-0.871462
1.65765
-1.13976
0.93328
0.507432
0.789778
-1.61315
0.509754
0.389875
-1.28666
-1.101
1.76195
-1.03852
-0.88353
0.154086
-1.0084
0.74674
1.2858
-0.8091
-0.715737
-1.06608
-1.01973
-1.22043
-1.00306
-0.599144
-0.0788197
1.05024
-0.70826
-1.03279
-0.597495
-0.285106
-0.753987
0.897631
1.20323
0.603457
-1.09323
-0.462326
-0.704636
1.04307
-0.590676
-1.08501
0.596332
-0.813817
-0.956447
-0.537056
0.369673
-0.551063
-0.862521
0.300261
-0.612717
0.545736
-0.682027
-0.508098
-0.0456817
0.41958
-0.318883
0.162797
-1.20035
-1.74562
-0.250999
-0.470063
-0.911744
1.85272
-0.904549
1.27907
-0.940062
-1.12093
-1.04704
-0.752696
-0.0347185
0.963521
0.9337
-0.79936
-0.509029
-0.771545
-0.967137
-1.09783
-1.37478
-1.0132
-1.12056
1.4691
0.90759
-0.930217
-1.04185
1.03347
-1.13199
-0.873594
1.82343
-0.944426
-0.883724
-0.81424
-1.55818
0.154657
1.38615
-0.975659
1.09461
-1.05287
-0.626568
-1.46284
1.23816
-0.993393
-0.672538
-1.0014
-0.993316
0.634492
0.773608
-0.892231
-0.998703
-0.751633
0.954541
1.19155
-1.14251
0.497601
-0.728318
-1.30841
0.497762
0.313295
-1.33204
-0.777727
0.373938
-0.780165
-1.1582
-0.851856
0.491755
-0.830576
-0.853524
-1.09402
0.224351
1.07128
0.592815
0.61642
-1.41959
-0.850148
-0.991934
-1.46997
-1.19658
-0.0108198
-0.853207
1.67538
-1.44135
-1.98296
0.06287
0.991054
-0.609028
0.598213
-0.410523
-1.0705
-1.3358
-1.06279
0.983227
-0.718673
0.435897
0.311288
-0.0115583
-1.06662
0.587265
0.187789
-0.809533
1.22883
-1.23667
1.11632
-0.593936
-0.904568
-0.934334
1.81484
-1.16415
1.13198
-1.05512
-1.04487
-1.24773
-1.17564
-0.766629
-1.01388
-1.19075
1.46475
2.39596
-1.02606
-1.07252
0.628726
-1.1418
1.30203
0.678348
-1.11429
-1.12863
-1.09284
-0.437457
-1.51452
1.2688
-1.7483
0.448059
0.27382
1.39037
1.9808
-0.718411
1.44811
1.2856
-1.11117
0.93161
-0.996023
1.20213
-1.25496
-0.22327
-0.993513
-0.937112
-1.07665
1.44231
0.195338
-1.28297
1.3599
0.431115
-0.958323
1.84874
-1.24625
-0.766761
-1.08927
-1.12985
-1.25784
0.577257
0.225859
-1.05233
-0.711624
-1.02284
-0.105989
0.740272
0.049302
-1.07493
-0.892334
-1.05609
-0.860784
0.00970316
-0.801314
0.950007
1.0356
1.86293
0.648778
1.12973
0.000624765
-1.21157
-0.828793
0.424951
-0.494907
-1.29371
-0.86676
0.0429092
-1.03195
-0.901774
-0.535548
-1.50915
-0.674663
0.660025
0.957819
-0.997757
1.05908
0.233002
-1.31577
-0.634179
-0.730578
-0.841691
-0.547281
-1.23677
0.167842
-0.945511
-0.83874
0.826663
-2.33379
0.212723
-1.05766
-0.884228
-0.955781
0.447556
0.710265
-0.913542
0.602969
-0.93632
-1.42214
-1.34549
-1.04742
-0.460126
-0.717963
-0.668944
-0.915162
1.50434
1.34184
1.56438
0.372271
-1.38915
0.0846546
-1.32839
-0.945655
0.10613
0.0731709
1.16192
-0.780142
-0.445899
-0.925879
-0.919218
1.11914
-1.10034
0.0661171
-1.15734
-0.24258
1.95387
1.53751
0.360196
-1.9482
-0.656524
-1.10894
-0.946947
0.739994
-1.23225
2.11106
-1.08911
-1.73267
1.05569
-0.825562
1.06707
0.534734
-0.423684
1.37483
-0.736676
-0.0343711
-1.01086
0.155498
-0.822992
-0.957962
1.28147
-0.812871
-0.8666
-0.908051
-1.00489
-1.11623
-1.06623
1.31682
-0.832529
-1.17131
1.82762
-0.151142
-0.75288
-0.972804
-0.95353
0.541501
-1.05856
1.5505
-0.525964
0.444317
1.60285
-0.316817
-0.0356087
-1.17902
-0.661643
-0.953132
-0.788632
-0.982254
-1.72632
0.867781
-0.796064
0.163767
-1.55296
-1.16171
-0.411636
-1.13875
-1.3005
-0.823585
3.06751
-0.71318
-0.618388
-1.41372
0.0911607
-1.43678
-1.0761
-1.16381
-0.358401
1.43035
1.27044
-0.985564
-1.40508
0.74307
-0.609896
-0.709847
-1.18818
0.0294813
0.178379
-0.742235
-1.01784
1.36473
-0.932618
-1.40961
-1.19688
1.42284
-1.22414
-0.894753
0.38105
-0.984412
-0.739676
-0.892367
0.850884
-1.13986
-1.44694
0.564919
1.28348
-0.994998
-0.585653
-0.349941
-1.68208
-0.965991
-1.70883
0.0788109
-1.11602
1.06904
-0.842747
-1.02758
0.736313
0.622332
-0.923503
-0.590848
-1.42539
1.68688
1.25648
-1.37033
0.227834
0.984062
0.0295252
-0.213546
-0.874395
-1.22549
-0.696078
-0.855826
-1.23941
0.519253
1.01416
-0.763878
-0.855947
-1.04418
-1.13777
-0.872057
0.575622
-0.350643
-0.363925
-1.11757
1.08753
-0.0216219
-1.09006
-0.93083
-1.1981
-0.985052
-1.13142
-0.929651
1.62954
-1.14432
-1.15543
-0.835683
-0.975514
1.17031
1.06469
-1.3482
-1.38057
1.19795
-1.36359
0.153634
0.912841
1.32136
0.893372
1.27257
0.0537883
-1.57024
-0.547448
-0.627607
0.323976
-0.0740029
0.441538
-1.27069
0.197281
-0.809224
-1.24528
-1.04086
-0.830389
-0.893253
-0.495924
-1.29976
-0.144466
0.12083
-0.897791
-1.14428
-1.17134
0.170895
-0.773156
-0.682023
-0.178486
-0.765469
-1.59123
1.18574
0.832239
-0.933397
-0.83937
-0.923903
1.02098
-0.781547
1.54958
-1.09933
0.217284
0.571835
-0.573272
-1.03448
-0.97917
-0.470126
-1.26949
0.301605
-0.151226
-1.80625
1.02192
-1.60891
-0.774528
-0.440596
-0.843566
-1.28191
1.50392
1.45591
-0.894582
-1.11426
0.757382
1.33536
0.458286
-0.862091
-0.986887
-0.1037
-0.738667
-1.28418
-1.17694
0.174886
0.208871
-0.643885
-1.2876
-1.15934
-0.00841678
-0.208534
1.5929
0.416161
0.588373
-1.94083
0.677025
-1.23098
-0.7607
-0.322422
-1.18351
1.05298
0.0251027
0.614611
0.778364
-0.0668301
-1.30899
-1.33254
-1.40185
-0.38682
-0.457717
-0.962321
-1.49678
1.28709
0.77755
-1.53528
1.24501
-1.03761
-0.986456
-0.961741
0.24416
-0.895129
1.0921
-0.654746
-0.987019
-1.36051
-1.21351
-0.770185
-0.848359
-1.36586
1.43065
-0.541533
-1.07561
0.745488
-0.953501
-1.30953
-0.693675
1.01489
0.527478
-1.02405
-0.950029
0.747786
-0.724983
-0.966417
-1.26862
-1.15781
-0.630359
-1.26199
-0.993691
-0.832981
1.26276
0.933365
-1.24136
1.10309
-1.12303
-0.975462
-1.50038
-1.17195
-0.894309
-0.657831
-1.32005
0.0504329
-0.417516
-0.454724
-1.25093
-1.38901
-0.742078
-0.854374
-0.942572
0.0403502
-1.34243
-0.97396
-0.948801
-0.869363
-1.40918
-1.02546
0.247761
-1.02475
0.280431
-0.877637
0.160135
0.517297
-1.05055
-0.33788
-0.904445
-1.17822
-1.01101
-1.27239
-0.84759
-0.889119
-0.787495
-1.13562
-0.823972
-1.21214
0.0454108
-1.00563
0.900859
1.39803
0.356323
0.589584
-0.996399
-0.835955
-0.977826
-0.400104
-0.781101
-1.26554
1.52995
-1.12103
-0.242866
-1.19859
0.59037
-0.0727841
-1.20535
0.364172
-0.333181
0.90605
-1.31703
-0.873052
1.55589
0.609226
-0.63477
0.0483552
1.15257
-1.22005
-2.28264
-0.718499
-0.89745
1.01223
-0.381982
-0.149682
-0.216884
0.732262
0.861214
-1.94275
-1.0529
-0.710822
-0.429338
-0.993859
1.35759
-0.98617
-1.09808
-0.193897
0.926918
0.49076
1.69517
1.04945
-0.928945
-0.577529
-0.813675
-0.92762
-0.655806
-0.735388
-0.980595
-0.941315
0.635023
-0.915648
0.182716
-1.05332
0.492378
2.10151
0.0649619
-0.823687
1.14962
-0.761367
0.937273
-1.30809
-1.05587
-0.750344
-1.43681
0.217506
1.12994
0.407382
-0.542442
0.391238
-0.235537
-0.884636
-1.15971
1.00227
-0.427729
-1.32883
-1.03463
-1.32536
-0.943924
-0.906641
-0.708042
-1.02017
-0.996064
-0.546173
1.26453
-0.259795
-1.36393
-1.59115
-1.21953
-0.778301
0.258896
-0.886117
-0.957962
1.09321
-1.19259
-1.49463
1.37564
-0.533612
-0.774363
-1.05887
-0.237709
-1.27654
-0.0759989
1.20052
-0.103371
-1.3828
-1.4194
-1.29353
-1.4577
0.0758888
-0.836944
0.744767
-0.943108
-0.760842
0.928365
-0.105991
1.48414
-0.803235
-0.980901
-0.597598
-0.466522
-0.842838
-1.46839
-1.4415
-1.22634
-1.81538
-0.777241
0.704509
-1.03375
-1.35917
0.244227
-0.991288
-1.48182
-0.861487
-0.969244
0.830415
-0.0873171
0.645646
-1.16261
-0.83023
-0.905808
-0.882141
0.512869
-0.644457
-0.932095
-1.88685
-1.14342
-0.878724
-0.874709
0.439266
1.66931
-1.37511
-2.14985
-1.4037
0.740643
1.74521
-0.852539
-0.620926
-1.02428
-1.1863
-0.911826
0.116517
-1.09557
0.260895
-0.759437
-0.87651
0.348989
-0.736099
-0.756069
-0.259067
1.95966
-1.1011
-1.49719
-1.40514
-1.24268
-1.10131
-0.934288
-0.221389
-1.57975
-1.34454
-1.1632
-1.13623
0.876647
-0.289739
1.59223
-0.772383
-0.494878
0.559282
0.97928
-0.89078
-1.06037
-1.07331
-1.37208
1.3076
1.76138
-0.868504
0.360562
-1.30639
-1.1695
1.28509
1.01959
-0.82127
-0.974109
-1.56761
0.00641629
-1.2069
1.66365
0.535169
1.2333
1.63551
-0.904307
-0.105512
-1.48391
-0.163443
0.745073
-0.671397
-1.66508
0.0059007
-1.24006
1.4307
-0.353632
-1.17797
-0.806446
-0.736247
0.917815
0.128522
0.450866
-1.25347
-0.941699
-0.022547
-0.904923
-0.965775
-0.517086
-0.884009
-1.02254
-0.387345
-1.28829
-1.15686
-1.01194
0.561913
-0.996437
-1.28989
-1.2602
-0.0826969
-1.18565
-0.000530979
1.39023
0.19764
0.492212
1.72901
1.83568
-0.720331
-0.897408
1.75339
-0.558018
-0.999852
1.16266
-0.763814
-2.51264
0.443802
-0.675424
-0.831275
0.893958
-1.31949
0.879111
-0.807511
-1.06056
1.28858
-1.1467
1.84227
-1.07073
-1.20492
-0.959726
-0.69289
-0.00214185
-1.12685
-1.12445
-1.14221
-1.15231
-0.917479
0.0161047
-1.15121
-1.18277
-0.954148
-0.565793
-0.948958
1.43272
0.802598
-0.904388
-0.577267
-0.201512
0.902362
-0.959174
1.75205
-0.128036
-0.645674
0.658218
1.46255
-0.975015
-0.999574
-1.06052
0.0573356
-0.64706
-1.16241
2.50253
0.779889
-0.3104
-0.590022
0.251166
1.22407
0.984726
-0.728564
1.75538
-0.904281
-1.15167
-0.912058
1.13924
-1.07621
-0.893137
-0.709615
1.27731
1.26554
-1.01465
0.309453
-1.42435
0.951098
0.803911
-0.955146
1.27193
0.425321
0.174316
-0.977567
1.06934
-0.93211
1.79722
-0.755875
-1.01758
-0.643978
0.352721
-1.16317
-1.04821
-0.567092
0.255812
-0.655558
-0.215592
1.13672
-1.30031
0.475376
-0.902116
-0.527767
-0.450346
-1.32892
-0.934355
2.08821
0.631257
-0.0520482
0.55331
-0.784775
-1.23752
-0.964094
-0.957449
-0.226235
-0.706581
-1.71053
-1.64737
0.799898
1.73385
-1.05362
-0.803822
-0.966091
-1.12501
-1.94527
-1.46905
1.32796
0.185512
-1.24768
-0.518891
-1.26224
-0.98549
-0.442763
-0.495992
-0.0825583
-0.53655
1.97204
0.499118
-0.986537
-0.419177
-0.799357
1.88062
-1.33192
-1.19089
-0.995132
-0.0549325
-1.47365
0.805797
1.92673
-0.765203
-0.664127
-1.10695
-0.559842
1.58517
-0.862208
1.31624
-1.82507
-0.212628
-0.802298
0.0035546
-0.893156
-0.58198
-0.782378
-0.483008
1.31789
-1.27303
-1.05695
-0.755228
-1.04217
0.752811
0.447107
1.80938
0.212009
-1.24396
-1.28971
1.34995
-1.13498
0.715603
-1.05793
-0.231573
-0.863907
-1.20323
-0.690288
-1.05525
-0.579407
-1.6558
-0.288952
0.698286
-0.85949
-0.744919
-1.0165
-0.586845
0.536355
-1.44102
0.42258
-0.326345
0.953081
0.424636
-1.38963
0.970019
-0.830209
-0.809796
0.604012
-1.22256
0.108431
-1.10532
2.57463
-1.27756
-0.840101
-1.10527
-0.735971
-1.11575
-0.846056
-0.975094
0.513249
0.689723
0.684952
-0.690632
-1.34728
-0.989217
0.464585
0.276537
-0.967364
-0.916258
-1.4443
-0.777889
-1.61294
-0.944359
-0.655526
2.05898
-0.387431
-0.640814
1.36456
-0.145691
-1.21678
-1.02345
-1.2642
0.626765
1.13876
0.215226
0.830382
-1.02878
-0.208735
-1.42546
-0.969897
-0.789701
0.185416
-1.22799
0.775213
-1.15345
-0.941065
-1.08796
-0.802593
-0.998044
-1.11911
-0.048539
-1.50296
-1.31749
1.17789
-0.422669
-1.13097
-1.30364
0.176439
0.28927
-0.866097
-0.84206
-1.30202
-1.75978
-0.912693
-0.167823
-0.963623
1.23516
0.636866
0.838493
-1.51182
1.43305
-0.835117
-1.26412
-0.820111
-2.42577
1.34323
-0.701252
0.303422
-1.0693
-1.17121
0.755337
1.66403
0.774426
-1.09885
0.972143
0.644425
-0.550814
-1.11013
-0.541253
-1.145
-1.15059
-0.401494
-0.0586016
0.804745
-1.07749
0.337486
1.6677
-0.970654
0.97749
0.443937
-1.0089
-1.45589
-1.45477
-1.11384
-1.26215
1.09718
-0.200826
0.318781
-1.01763
0.313947
0.795526
-1.14004
-0.608047
-1.03511
0.122057
0.435551
-1.09601
-0.660031
1.10071
-0.125983
-0.794807
-1.28418
-1.23756
1.88293
-0.144478
-0.95274
-0.779875
1.17009
-0.789139
0.941946
-0.570345
0.0299418
-1.44376
-1.13798
0.847075
-0.758819
1.40249
-0.91779
1.09035
0.454276
-1.53246
-1.15959
-1.01653
-1.24269
-0.637199
1.09172
-0.327797
0.125082
-0.813885
-1.21945
-1.05335
-1.08376
1.2824
-0.187594
-1.21712
1.34645
-0.880063
-1.02733
2.92361
0.720777
-1.08346
0.0661536
-0.924875
1.80332
-1.20336
-0.654401
-0.924348
-1.76064
-0.770987
-1.06004
-1.08447
-1.15126
-0.774729
-0.938157
-1.4159
-0.577568
0.131169
0.253006
-0.888362
-1.39018
-0.848276
-1.24778
0.487645
-0.9101
-1.26571
-1.7336
-0.890546
-1.06425
0.721413
0.780961
0.738913
-0.652684
-1.19289
1.01246
-1.32755
-1.31081
-1.24209
-0.62268
-1.00294
-0.444127
-1.12447
-0.997424
0.655706
0.91358
0.637232
-1.16791
-1.1761
1.05585
0.088221
2.27989
1.54076
0.308203
0.990393
-1.29296
1.09254
0.882999
-1.51972
0.464201
-0.500648
1.80068
0.576046
-0.890172
-0.598543
-0.79996
0.358957
-1.07202
-1.10384
0.723386
-0.221917
-0.664877
-0.996928
1.3149
-1.21423
0.658129
-0.267704
-1.01329
-0.837323
-1.095
0.991435
-1.09415
-0.847328
-1.1371
-0.59149
-0.0115435
0.0270843
-1.02406
-0.898001
0.32913
-1.21197
-0.92041
0.126484
-0.763458
-0.780658
-1.02104
-1.1646
-0.816012
-0.952009
-0.890508
-1.36324
-1.0226
-1.20596
-0.896164
-1.07064
0.445053
1.41648
-1.70656
-1.17314
1.01298
0.301623
-0.847446
0.353373
-1.27552
1.54023
1.0019
-1.08923
-1.0883
-1.10324
-0.890267
1.9854
-0.411453
-0.794467
-0.924421
0.0963119
-0.216898
0.991328
-0.872449
-1.30987
0.251437
1.44147
1.29531
0.456762
-1.27762
-0.66738
-1.02834
-0.920234
-1.08957
-1.27767
-0.920255
1.76136
-1.12979
1.07082
-1.46426
-1.25693
-1.36966
-1.11023
-0.877359
0.680032
-1.48358
0.487434
-0.947219
-0.944919
1.52956
-0.988673
0.380173
1.53843
-0.80884
0.43115
-0.619292
-1.01148
-0.603037
-1.258
-0.794641
-0.563293
-1.10999
-1.04182
0.440122
1.23477
-1.26312
-1.37457
-0.82396
-0.564886
0.417415
-1.07163
-1.04129
1.27848
-0.941731
-0.711576
-0.3381
-0.815672
-0.347519
-0.829353
-1.21753
-1.17093
-0.902761
0.872461
-1.1524
-1.04996
-1.15804
-0.619375
-1.15265
-0.887615
-0.750629
-1.28146
0.377805
-1.32813
-1.09655
0.0619043
-0.164948
-0.518734
-1.02174
-1.04055
-0.863431
-0.920123
-1.04218
-0.513398
1.02531
-0.987661
0.252637
1.4012
-0.960636
-1.20232
1.28364
-1.46648
-0.855149
1.78132
-1.13181
-0.932614
-1.37882
2.32993
-0.924374
-0.772262
-0.789021
-0.442947
-0.680498
-1.7876
-1.17814
-0.86375
0.6855
-0.876705
-1.13776
-1.30209
1.38313
-0.960018
-1.08543
0.619334
1.47402
-0.952542
2.5515
-1.09278
-0.736705
1.15613
-0.542189
1.44634
-0.931062
-0.776379
-1.0594
0.17742
-2.57104
0.935905
-0.352954
-1.11909
-1.06034
0.463505
-1.10574
1.21826
-0.955579
-1.32235
-0.795595
-1.02352
-1.27742
-1.07044
1.27765
1.09235
-0.92935
-0.92854
-0.999198
-1.14041
-0.720463
-1.07147
1.91211
-1.86572
-1.16781
-1.09668
-0.915941
-1.03438
1.06901
0.905827
-0.984686
-1.48945
-0.937
-0.965154
-1.20606
-1.01109
-1.20018
-1.14133
-0.496606
-0.884531
1.7222
-0.641289
-1.02907
0.017144
-0.718527
0.989935
1.35633
-0.921926
1.72864
-0.447973
-1.16548
-1.22243
0.199956
0.96963
-1.42445
-0.8399
-0.96792
-0.280524
-1.50329
0.245497
0.315575
-1.02935
1.9397
-0.941438
-0.741261
1.4443
-1.07391
-0.51839
-0.136601
-1.30378
-1.07709
-0.441195
0.851644
-1.04645
-0.956508
2.66106
-1.0872
-0.779582
-1.2554
-1.08764
1.71431
0.860885
1.27868
-0.741068
1.17024
-0.563174
-1.11983
-1.69539
1.3126
1.19783
-1.18225
-1.57504
-1.44873
-1.21539
-0.82028
-0.991113
-0.889517
1.15014
-0.0684481
0.745604
1.06727
-0.332894
-0.634106
-1.68308
0.673902
0.569561
0.483993
-1.05442
-1.31094
0.295178
0.394528
0.418786
-0.986371
-0.351552
2.03367
-0.871057
-1.27344
1.49144
-0.599591
-1.07455
-0.444451
-0.131431
0.227303
-0.227753
0.417436
-0.796034
1.12097
1.43477
-0.603004
-0.054689
0.453449
-1.10766
0.317085
-1.04834
-0.830472
-0.00591068
-1.34669
0.346715
1.22747
-0.66921
0.485375
-2.40429
1.05183
0.64978
-0.0169177
0.529548
0.845959
-1.19235
0.0310694
-0.761434
-0.133116
-1.18765
-0.819446
-0.852316
-0.216986
0.250203
0.960578
-0.770219
-0.876549
-0.507785
-1.2844
-0.434247
-0.563139
-0.998031
-0.962474
-0.528811
2.21466
-1.07038
0.654948
0.614211
-1.38903
-0.30551
1.34132
-0.392712
0.0663539
-1.21672
-1.709
0.300212
-0.575673
-1.53746
0.73651
-1.30701
-0.92807
1.13027
-1.32952
-0.629459
-0.989975
0.924576
-0.89232
0.645326
-0.707821
-0.790816
-1.34744
0.243709
-0.576625
0.505572
-1.84776
-1.10868
-1.16217
-0.951832
-0.760123
-0.616886
-0.734573
-1.01504
0.640945
-0.217222
0.988751
-1.32307
0.0436732
-0.799088
-0.589924
0.285185
2.04848
0.135219
-0.963783
0.554678
-0.729678
-1.04132
-0.784155
-1.01141
-0.654659
-0.941578
-1.10621
-0.77826
-1.09123
-1.39016
-0.20161
-0.659126
-0.623327
-1.7667
-0.571694
1.2606
0.904564
1.21834
0.748015
1.0875
-0.147079
-0.200913
0.16857
-1.26139
-0.851163
0.594274
-0.472401
-0.651512
0.932068
-1.19594
1.0071
1.95589
-0.68122
-0.939688
1.69414
1.05061
-0.821938
-1.32533
-1.10971
1.39491
1.07941
-1.04754
-1.32714
1.47393
-0.937678
-0.0277045
-1.00667
-1.12807
-2.18567
-0.921467
0.739543
0.224138
0.454822
-1.03145
0.782719
-0.444873
0.139628
-1.19096
-0.746874
0.593201
-1.14795
-0.862703
-0.991622
0.672345
-1.7894
-1.25765
1.79445
-0.746945
1.34073
-1.31256
0.965283
0.790289
-1.00897
-0.404944
-1.27067
1.21481
0.532431
-0.894166
0.0885377
-1.5585
-0.676412
-0.519739
-0.323048
-0.870361
-1.63015
1.48211
0.397435
-1.18222
-0.476779
0.242188
0.96696
1.19319
-0.0580418
0.389196
-0.723908
0.182941
-0.496782
0.672831
-0.995911
-0.487484
-0.539624
-0.919975
-1.16854
-0.70339
-1.26532
-0.653114
-0.964979
1.43083
0.138958
-0.806105
0.120255
-0.913381
-0.166211
-0.71113
-0.880868
0.472252
-0.871372
-1.16878
-1.169
-2.8782
-0.178634
-1.36163
1.50567
-1.14196
-2.4032
-1.17168
-0.926959
0.345876
-0.776743
-1.01165
1.44784
0.737062
-0.293089
0.638341
0.00320396
1.20133
-2.37958
-0.888976
-0.98623
-0.967131
2.07956
-0.739159
-0.92498
0.947181
0.721794
-1.45444
-0.383405
-0.848232
-0.582395
0.00230317
-1.29321
1.41726
-1.21862
0.542846
-0.586064
-0.586931
-1.35394
0.524935
-1.13452
-1.05777
0.098846
-0.725159
-0.395671
0.565595
-1.04798
-1.11766
-0.0103465
-0.755059
-1.18218
-1.10883
-0.771897
-0.506598
0.481809
-0.462572
-1.01574
-1.21956
1.17714
-0.653593
-1.23623
-1.0369
-0.826642
0.311917
-1.10581
0.576244
-0.413275
-0.796117
-0.867584
0.897368
-1.34943
-1.14545
-0.637452
1.31101
-1.25508
1.05887
-0.768087
-0.991048
0.447983
0.624457
-0.809672
0.48904
-1.00283
-0.809516
-0.883421
-0.8732
1.12234
1.94041
-0.30309
1.78611
-0.947101
0.0996602
0.776821
-1.04785
1.32168
-0.857041
1.35151
-0.926856
0.163648
1.27466
-1.30228
-1.16793
-0.993927
-1.07644
-0.799293
-1.24209
-1.35613
-0.884711
-1.24324
-1.26656
-0.0935222
-1.08983
-1.21392
1.05848
-0.448228
-1.0698
0.625285
-1.01219
-0.774731
-0.950668
1.34919
0.283246
-0.978108
-1.21087
-0.82198
-0.53204
0.936154
-1.2308
-1.4234
1.23751
-1.12313
0.720741
1.41479
-1.77209
0.533925
-0.754947
0.580291
-0.952274
1.88954
2.24612
-0.815609
-1.2682
-1.06993
-0.132249
-1.08784
0.655212
-0.900138
-0.614762
-1.03961
-1.09262
-1.30769
-0.464288
-0.68304
-1.05176
-0.967852
-0.960418
1.42942
-1.44591
-0.951777
2.89372
-0.862542
-0.844962
1.95482
-0.410964
1.20791
-0.926304
-0.122561
-0.578369
-1.20561
0.457999
-1.04677
-1.05732
-1.39077
1.42895
-0.985529
1.33271
0.615661
-0.577759
-1.19595
0.00535774
-1.0712
-0.481271
-1.78778
0.676828
-0.76735
1.51533
1.5092
-1.07856
-1.09701
-0.995554
-0.816676
-1.08265
-1.10475
-1.04173
-0.840717
0.650269
-1.09646
-1.22808
-0.578229
-0.951833
-0.852705
2.24631
-0.68339
0.466794
-1.35009
1.28649
-1.28499
-1.18356
-0.934125
-1.0301
-0.87641
0.808434
-0.544201
-0.933348
-0.200498
-1.07706
-0.711269
-1.51956
-0.972164
-1.49955
-1.08626
0.654173
-0.661129
-1.04008
-0.850004
-0.937109
-0.890248
0.534723
0.698116
-0.581737
-1.35191
1.6714
-0.973476
-0.882593
-0.54416
0.573534
0.62433
-1.21683
-1.15637
1.24947
-1.42711
-0.797611
0.032181
0.728906
-1.47935
-0.804736
-0.8539
-1.18901
-0.810263
-1.31698
1.36441
-1.22988
-0.0486487
-1.52395
1.50647
-0.229552
0.80719
-0.674773
1.1701
-0.949084
-0.232656
-1.19155
-0.851486
0.635046
0.902121
-1.25767
-0.9059
-1.52177
-1.29535
-0.951903
-1.37155
-1.19104
0.66904
-1.11579
-0.770285
0.517483
-2.36329
-0.872462
-1.09986
-0.871877
1.42995
1.14884
1.14149
1.2312
1.89171
-0.842563
-1.2315
-0.888388
0.831706
-1.39502
-1.05232
1.11937
-0.467993
0.250052
-1.49525
-0.979726
-1.35855
-1.43744
-1.14958
-1.03211
-0.783555
-1.07768
-1.42827
-0.996783
-0.804462
1.70401
0.0193077
0.954339
0.331737
-0.644763
-0.706428
0.305249
-0.89582
-0.578063
0.36088
-1.35496
1.94268
-1.47418
1.53502
-1.54675
-1.14347
-0.758619
-0.663938
1.09817
-1.05879
0.0712033
-0.730712
-1.15336
0.894459
-0.755088
-0.647989
0.385872
1.4716
-0.953642
1.2138
0.182162
1.10116
-0.20968
-0.940035
-0.819008
1.62858
1.35516
1.65065
-1.29227
-1.18852
-0.55027
-1.14425
-1.12996
1.22902
-1.39627
1.1507
1.24724
-0.701393
-1.51166
-1.05295
-1.49084
0.630458
1.15336
-1.19539
-1.24676
0.0652823
-0.108041
-0.992365
-2.10512
-1.0919
-0.566827
-0.362405
-0.74153
-0.971055
-1.22599
0.645577
-1.15153
0.503004
-1.29496
0.0796921
1.73566
0.2075
-1.02532
-1.01808
-1.14853
-0.636869
-1.03529
-0.333439
0.938063
-2.06768
1.03886
-0.197798
0.0131735
-0.540033
0.785237
-0.532469
-1.42204
-1.0961
-0.967995
-0.0881671
-1.41049
-0.917207
-0.908817
-0.844197
1.64576
-0.152482
0.0585339
-1.15497
0.582878
-1.22971
-0.462971
-1.37053
-0.90805
-1.90245
0.930588
0.299669
-1.20185
-1.03405
-1.30112
-1.26811
-4.03201
-0.759554
-1.06697
-1.00766
1.99594
1.72806
0.85473
-0.963887
-0.96246
-0.122738
0.0339821
-0.854852
-1.20004
-0.981219
-0.819486
0.622595
-0.722878
-0.189687
0.545171
-0.925266
0.376304
-1.00882
0.488617
1.52442
-0.696589
-1.35314
-1.22585
-1.05824
-0.332107
-1.34894
0.545689
-0.988719
-0.461444
1.08852
-0.696834
-1.09336
0.909792
0.640742
-0.740648
-0.941893
-1.31553
-1.19859
-1.31055
0.679207
-0.819469
-1.21328
-1.48174
-0.358104
-0.79977
-0.111288
-0.144917
0.885629
-0.164489
-1.11765
-1.1145
-0.993969
1.59363
0.741002
0.510826
-0.641525
-0.976859
1.35149
0.825948
0.0731696
-0.387958
-1.09368
-0.64654
-0.708738
-1.00678
-1.30034
-0.965795
-0.963929
0.988073
-1.05642
0.736967
-0.225973
-0.981582
-0.998531
-0.941473
-1.22338
0.903455
1.31637
-0.30222
-1.11723
-0.440705
-0.00171346
-1.10627
-1.05263
0.916131
0.961721
-1.12204
-1.15056
-1.46842
0.721747
-0.265175
-1.05158
-0.493668
-0.989073
-1.2141
-0.28045
-0.510574
1.36984
-1.47847
-0.993565
0.344413
-1.2596
-1.43009
1.13525
-1.02675
-1.44503
-0.80282
0.38609
-0.236553
1.77922
-1.54344
-1.0695
0.918454
1.08136
1.45043
1.48066
0.838044
-0.914996
-1.02786
0.318519
0.680764
0.561347
-0.74519
-1.19156
1.71561
-1.08063
-0.81149
-0.994432
1.61867
0.843472
0.707509
-0.964843
1.21369
-0.719787
0.0831248
0.902675
-0.992942
2.04972
-0.35308
0.798352
-0.958123
-0.586298
1.43805
-0.524929
-0.138686
1.03908
-0.988156
-0.452073
0.925019
-1.05408
1.12421
1.51801
0.777995
1.26351
-0.962081
-1.0622
-0.42231
0.247793
1.35008
-0.545362
-1.33803
-1.09528
0.889822
-1.29227
-1.17922
-0.911108
-1.65525
-0.855831
0.243597
-0.568275
-1.07347
-0.945177
0.525408
-0.888714
0.776475
-1.59598
-0.156378
1.01921
-0.613061
-1.01627
0.724834
-0.590664
0.703051
1.09457
-0.0112467
0.888182
-1.19472
-1.07716
1.79887
-0.550402
-0.484139
2.55201
-1.24095
-1.56193
-0.559271
-0.680266
-0.683691
-0.467353
-1.06569
-0.751946
-1.08087
-1.23471
0.538154
1.49986
-0.818455
-1.0263
0.627448
1.16104
-0.191782
-0.635045
-0.574075
-1.16467
2.44289
-0.926436
-0.114035
-1.00932
0.828714
-1.07166
0.579262
-0.154887
-0.509011
-0.735624
-1.77522
0.666807
-0.989833
-1.01997
-1.18921
0.983356
-0.839054
-0.867205
-1.15046
-1.07148
1.35568
-0.530839
-0.88585
-1.01363
-0.671152
-0.952119
-0.941955
1.40893
-0.774882
-0.643122
-0.428659
0.358545
-1.06932
1.4573
-1.15401
-0.0546974
-1.07273
-1.0184
0.759466
-1.28265
-1.1799
0.209725
-1.42147
-1.02476
0.684363
-0.955369
-1.46037
-0.662171
-1.76657
-0.85478
-0.972028
1.00249
-0.125334
0.513173
-0.63929
0.618989
0.10718
-1.27972
-1.26816
0.877004
-0.209192
0.847236
0.237035
-1.26552
-1.22102
0.611441
-1.5593
1.4526
-1.29446
-0.630852
-1.25403
-0.401747
-1.08304
0.405898
-0.33651
0.44588
0.0215265
-1.22691
-1.08552
-1.20199
-0.945843
1.13395
-0.0200601
-0.837953
-0.836279
-1.20237
2.28316
-0.70044
-0.889861
-1.00177
1.18922
-0.907959
-0.935047
0.975986
-1.14482
1.14689
0.729852
-0.747733
0.232299
0.632496
0.0572219
-0.418059
1.89907
-0.573136
-1.13458
0.666916
-1.26484
-0.0106957
-1.20587
-0.40612
0.834356
0.648368
-0.0989613
0.870103
-0.90033
-1.16753
0.991871
-0.7261
-0.921833
-1.39058
-0.900767
-1.12729
1.11031
-0.901953
2.80485
1.02806
-0.723795
-0.918724
-0.821068
-1.34204
-0.97174
-0.0354619
1.01045
-0.177195
-0.536954
-1.12288
1.4532
-1.19675
-0.892774
0.813718
-1.35402
-1.29091
-1.28715
-0.234433
0.430209
-0.869588
0.869402
-1.13342
-0.867502
-0.645327
-0.826365
-1.09986
-1.32864
-1.11523
0.605533
-0.703547
1.27182
1.25769
-1.46552
-1.09508
-1.46027
-1.46203
-0.179235
-1.31043
-1.18849
-0.0635394
1.14087
0.466907
-1.21768
-1.42192
-1.32558
0.752855
-1.32224
-0.273465
-1.61783
-0.871656
1.46992
0.59872
0.327698
1.57113
-0.5422
-1.08206
0.220802
-0.791917
-1.3802
-1.03362
0.825291
0.493451
0.736949
1.91067
-0.814362
-0.776189
0.130195
1.61396
-0.763654
-0.654507
0.822737
-0.545846
-0.495627
-1.3065
-1.00153
0.221435
-0.841473
-0.748767
-0.445453
-1.63235
-0.911257
0.893953
-0.260568
-0.377536
-0.680071
-0.731524
-1.03477
0.189943
0.963312
-0.873248
0.964941
0.63587
-0.00532828
-0.919899
-1.18371
-1.41369
1.0264
-1.74746
-0.0912794
1.43945
-0.923439
0.852125
-0.932615
0.104943
-0.903727
-0.981385
-0.533878
1.87914
1.12582
-1.18082
-0.772892
-1.25974
0.655
0.507356
-1.11057
-0.897148
-1.10475
-1.20043
0.639694
-1.07419
1.31475
-0.568114
-0.627727
-1.12976
1.56807
1.01715
-1.01771
-1.32994
-0.979518
-0.709529
-1.20274
-0.913787
0.19721
-1.15327
-1.29091
-1.03313
0.812645
-1.12618
1.99524
0.0635618
1.66478
0.487835
-1.16602
-1.15156
0.444879
-1.57063
1.06646
1.09391
-0.351268
1.36453
-1.4464
0.747921
0.244919
0.145459
-0.8691
-1.01514
-1.18582
-0.358739
-1.07897
0.946442
-0.630419
1.13888
-1.44673
0.476956
-0.837165
1.22394
0.377549
-0.589768
-0.823863
-0.991622
-0.118155
-1.53898
0.623295
-1.08252
1.09158
-1.02629
-0.899873
0.8121
-0.499242
-1.29316
-1.06049
0.113208
-1.00449
1.12496
-0.793282
0.177755
-0.839907
-0.572469
0.852486
-1.03359
1.06211
1.38459
-1.15205
-1.0721
1.18922
0.362878
0.351543
-1.5778
-0.503462
-0.656841
-1.67093
-1.08333
-1.09602
-1.20962
0.582122
-1.35083
-0.836957
-1.27014
-1.09811
-1.05501
-1.07882
-1.193
-0.228105
-0.988631
-1.72965
-1.06467
-0.878579
-1.29547
-0.687351
-1.1179
-1.11516
0.982856
-1.00351
0.455499
-0.970387
1.42869
-0.842704
-0.812541
-0.181822
-1.15574
-1.05909
-1.87212
-1.45171
0.569222
-0.7705
-0.969743
-0.869565
-0.690252
0.498179
-0.927379
-1.30366
-0.954671
-0.565331
-0.678321
-1.03493
-1.07235
-0.29977
-1.38949
-1.09123
-0.0237101
0.550286
-1.41401
1.24629
-1.32362
-1.04921
-1.98336
1.51265
-1.42184
1.18501
-0.921765
-0.79326
-0.992894
-0.909886
-0.781745
0.271698
1.44589
0.879593
1.63747
0.355461
-0.939816
0.343095
-1.02775
-1.46089
1.88742
1.15354
-0.673301
-1.4253
-0.881536
-2.4267
-0.726773
-0.834834
-1.2613
-0.0233299
-1.19786
-0.898727
-1.08752
-0.490728
0.139819
0.854104
-1.19285
-1.1881
0.957199
0.483979
-1.83291
-0.835481
-0.879798
-1.0612
-1.02703
-0.27997
-0.283166
-0.965149
0.431452
-1.10552
-0.850487
1.9756
-0.865853
-0.834684
-0.824419
-0.821556
-0.975584
-0.818474
0.785888
-1.17679
-0.243669
-0.839941
0.117789
-0.0877891
1.5406
1.20337
1.06161
-0.219999
-1.24926
-1.23611
-0.894917
0.80846
-1.08842
0.847724
-0.81906
-0.69064
-0.739468
-1.99575
-0.838595
-1.3137
0.522468
-0.536173
0.969247
1.01114
-0.679728
-0.742137
0.490764
-1.22822
-1.41971
-0.602027
-1.29811
-0.0214221
-1.08838
1.13049
-1.00581
-0.832765
-0.883179
-0.728302
-0.82141
0.0386493
-0.0612149
-0.979161
-0.676183
-0.918668
-0.871322
-0.710692
-0.783866
-0.599454
-1.08826
-1.02205
-0.205543
-1.10704
-0.721754
1.00754
-0.668315
-0.284184
-0.945507
-1.08321
-0.542564
0.408352
0.735404
-0.965829
0.433204
1.16749
0.539853
-1.10982
-1.1379
-0.571434
-1.17055
-0.606572
-0.323952
-0.773614
-1.11089
-1.34486
0.222381
0.550773
-1.53993
-1.32138
-0.750454
-1.02575
-0.947169
-1.09511
0.910058
-1.1502
-1.39291
-0.731918
-1.56655
-0.761869
1.44723
0.251094
-0.943612
0.273028
0.831327
-1.48697
-1.13804
-1.17983
-0.640489
-0.938635
1.94955
0.989384
0.997107
-0.811889
-0.853155
0.991555
1.27931
-1.24563
1.71674
-0.882058
0.883957
-0.675144
1.81295
-0.843828
-0.905473
0.70292
-1.10173
0.646117
-0.249042
-1.01278
-0.955444
-0.919924
1.71736
1.71937
-1.06455
0.126465
-0.824839
-1.07271
-0.414967
-1.15409
1.03508
1.59423
-0.878037
-0.376576
-0.62441
-1.12509
1.17359
-0.974019
-0.93057
-0.709393
-1.16098
-1.16929
-1.72036
0.413069
-1.22365
1.03576
-0.637622
-0.940571
0.947377
-0.96449
-0.32241
0.477778
0.9084
1.87083
0.677357
-0.220112
-0.934685
-1.09661
-1.41952
-0.756366
1.11679
0.238321
1.55089
-1.10746
1.42195
-1.16315
-1.3118
0.0941436
-0.6918
-0.758665
-2.02871
-1.5695
0.0517846
-1.43944
1.03733
0.144335
1.02382
-0.421115
-1.38871
-1.13269
0.553038
-1.00313
-1.19841
-1.28989
-0.775663
-0.888888
-1.11802
1.78678
-0.963213
0.185434
-0.851134
-0.762111
-0.404132
1.50867
1.12252
-1.2966
-0.693677
-0.658185
1.09972
-0.734135
0.317123
-1.21796
-0.926178
0.430871
0.965181
1.99796
0.380056
0.759583
-0.64638
-0.214971
-0.61814
-1.13384
-0.897031
-0.959281
1.40954
-0.546067
-1.1277
0.171291
-0.670002
-0.78457
-1.11102
0.720007
1.12888
-1.44493
0.644876
-0.830439
0.021065
-1.32849
-1.25485
1.91436
-0.949678
-0.794055
-0.792094
1.40348
-1.11432
2.02706
0.181447
-1.37999
-0.96773
-1.19191
-1.28404
0.952428
1.30369
-0.42937
-0.146074
1.40541
0.0732026
1.09119
1.45339
-1.09438
0.284027
-0.543205
-1.18406
-1.14369
-0.903509
1.16299
-0.696507
-0.987542
-0.991289
-1.15028
-0.997247
-0.578193
-1.03979
-1.37056
-0.86464
-0.923583
-0.85877
-0.954756
-0.838004
0.501707
-1.20625
0.679986
-1.13791
-0.956844
0.548064
2.15362
0.417086
-0.67477
-1.08784
-0.87171
-0.980351
-0.864691
-0.936907
0.05382
-1.72443
-0.447677
-1.0383
-0.559562
-2.31555
0.701851
-1.22642
-1.30096
-0.183005
0.374247
-0.853274
-1.03371
-1.30565
-0.966103
1.00023
-0.673737
0.995546
0.737912
1.01391
-0.616514
-0.55041
-1.13094
-0.71219
-1.05156
-0.960665
-0.670941
1.22909
2.05376
0.799416
0.51971
0.510738
-1.76737
0.31362
-1.07227
-0.958291
-0.887465
-1.23992
-0.861024
-1.09933
-1.22676
1.08777
-0.685189
1.05596
-1.31449
0.624224
-0.834917
-0.778136
0.779976
0.593302
-1.28135
-0.739402
1.13576
-1.16457
1.26263
-0.836687
0.650033
-0.843237
1.36463
-0.985039
1.47478
-0.585051
-0.534793
1.52476
-1.55452
-1.14447
-0.676116
-0.53583
0.649171
-0.888888
-0.292159
-1.47345
-0.733666
-1.15674
1.34643
-1.08196
-0.864719
-0.549197
-0.104483
1.7579
0.614591
0.580851
-1.29863
0.20577
1.52603
0.984903
0.420281
-1.74981
-1.25839
1.39392
1.86441
-1.05994
0.594244
-1.11241
1.28224
2.15236
0.0794386
-0.0836798
-0.670352
-1.18417
-1.21856
0.747196
1.23817
0.387437
1.49254
-1.72937
0.625767
-1.4841
0.0443282
-0.858717
0.689132
-0.87111
-0.989837
-0.760296
-0.732762
-0.992387
-0.753092
-0.990644
0.866678
-0.615185
0.634297
-1.07301
-0.695753
-1.38417
1.20575
-0.883253
1.49036
-0.721345
-1.1263
-0.0902365
-1.04868
-1.67924
1.39436
0.00868246
-1.1331
1.23261
-0.73646
-0.775423
-0.895881
1.0842
-0.990467
0.573174
0.706579
0.518659
-1.02721
-0.610506
0.0145769
1.07593
-1.11273
0.961309
-0.814669
0.775834
1.10292
0.726483
-1.15056
0.82809
1.00193
-0.845915
-0.4269
-1.01582
-1.23556
0.373124
0.519024
-1.17777
-0.914694
-0.733502
1.60042
1.2148
-0.852034
-1.21767
-0.883529
-0.171633
-1.33337
-1.12022
0.579211
-1.04047
-0.737533
-0.74834
1.09022
1.22678
-1.4219
-1.07676
1.11877
0.821937
0.19434
-1.41551
1.04837
-0.779559
-0.34388
-0.421723
-1.27244
1.39921
0.139858
-1.08475
-0.950459
0.829584
0.893983
-1.08353
0.0194295
-0.845108
-1.49983
0.118057
-0.818884
1.42749
-0.114065
-1.09638
0.0115367
0.189362
-0.376239
-0.992921
0.834191
-1.55225
-0.961769
-1.30116
-1.20143
-1.00604
-0.408104
-1.47509
-1.42666
1.55698
-0.804356
1.39242
-0.991262
0.487264
1.79932
-0.815144
-1.13491
-0.993626
-1.13258
-1.00612
-1.16669
1.05827
-0.903704
1.05642
-1.10364
0.195387
-1.30604
-1.32644
0.359709
0.99106
-0.844918
-1.13279
1.42213
1.09485
0.183324
-1.08478
-1.01106
-1.65094
-0.298702
-0.0958236
-1.1142
-1.20162
-1.45378
0.0571507
-1.50479
0.623622
-0.9818
-1.352
-0.822468
0.319057
-1.08277
-0.803297
-1.0206
-0.43538
-0.900528
-0.764715
-0.893105
-0.742306
-0.52107
-0.841618
0.6392
-1.30848
-0.937227
0.601896
1.95394
-0.909233
1.5576
0.019955
0.873022
0.859118
1.31895
-1.67156
-1.10182
-1.10199
-0.540083
-1.34855
-1.07908
-0.672803
-0.850224
-0.232548
-0.883598
-1.13146
-0.787607
0.607665
-1.01187
1.12594
-1.22452
-1.05556
-1.24891
-1.12389
0.831113
-0.620106
0.95012
-1.11791
0.49014
-1.42272
-0.811376
-1.13954
-0.575426
-1.23676
-1.33863
0.370187
1.4059
-1.30428
-0.954586
-1.14439
-0.157425
-1.07645
-0.748077
-0.90518
2.1389
0.777543
1.31358
-0.740988
-0.0414532
0.459621
-0.57441
-0.853479
1.76026
1.29336
0.39996
0.494384
-0.875547
-0.479703
-1.1195
1.4345
1.35417
-0.464904
0.995111
-1.27611
1.58639
-1.27369
1.251
-1.2035
-0.346195
0.920321
-1.61474
-1.25372
-1.01852
1.76146
0.545706
-1.22796
-1.56198
1.90752
-1.15819
0.850656
0.298816
-0.978555
0.320227
1.37272
1.39531
0.193013
-0.8608
1.69052
-0.477225
0.316246
-0.948908
1.8962
0.542875
-1.11637
1.34014
-0.976283
-0.942664
-1.28973
-0.843063
0.252952
-0.816529
-1.02893
-1.12282
-1.21878
1.20797
-1.47558
0.473869
-1.30929
0.747809
-1.21138
0.245067
-0.846689
-1.51065
1.01204
-0.0693181
-1.33982
-2.20369
0.970313
0.542551
0.592481
0.519249
0.260053
-0.778257
-0.928096
-0.969002
-1.27844
-0.622764
-0.916373
-1.12097
-1.07649
-0.0848413
0.997646
-0.852917
-0.436002
-0.889783
1.07829
-1.39351
-1.3956
-1.29139
1.53293
0.940169
-1.53308
-0.909386
-0.226373
-0.708068
-0.946988
-1.11939
-0.778892
-0.87411
0.446623
0.46317
1.10758
-0.7918
0.731043
2.64817
-1.80321
-1.2298
-1.8402
-1.25919
-0.814484
-0.696823
0.291978
1.45639
-1.1689
0.918185
-1.19451
1.04713
-0.891273
1.74785
1.24713
0.847978
-0.0136904
1.27728
-2.50334
0.283561
1.16404
-0.112417
1.49089
-0.72576
-1.11441
-1.0317
-0.844586
-0.576884
-1.63006
-1.08464
-1.05381
-0.793929
-1.27504
-0.880167
-1.40091
-0.950403
-0.552417
0.523941
1.04547
-0.613412
-0.488655
-0.738422
-1.35941
-0.886931
-0.867891
-0.943295
-0.953093
-0.865413
-0.585362
0.469039
-0.442075
-1.07318
-0.431582
-0.583992
1.17964
1.20906
-1.40298
-0.781841
1.17774
-0.631937
-0.668009
1.78706
-1.01976
-1.33498
-1.76644
-1.15002
-0.645838
-1.25156
-1.42679
-0.132066
0.835129
-1.53654
0.573957
0.989494
-0.777308
1.40301
-0.974058
-2.32427
1.09396
-1.17105
-0.900809
-0.915318
1.317
-0.693054
-0.842446
1.67597
-1.18661
-1.23655
-0.308134
-1.00619
1.10414
-0.68759
-0.420309
-0.38477
-0.822163
-0.125525
-1.10615
-0.741997
-0.745165
-1.36924
-0.539344
-0.862028
-0.643889
0.898191
-0.16141
0.208453
-0.602088
-0.906972
-1.2029
-1.04505
0.935422
0.820347
-0.388096
1.20939
-0.472037
-0.593961
-0.401867
-1.01498
-0.725791
0.356621
-1.12036
-1.35399
0.0136871
-1.65635
-1.14076
-1.02533
-0.924472
-1.20524
1.46581
0.0654635
-1.18796
0.564605
-0.0102404
1.80248
-0.722286
0.85408
-1.02373
-1.32936
-0.171108
0.608002
-1.06849
-0.899991
-0.654781
-1.12004
-1.27746
-1.06853
-0.222795
0.937028
-0.0185274
0.451599
1.48537
-0.570609
1.21881
-0.832027
-1.50779
-2.57551
-0.978947
-0.824243
-1.36544
-0.672637
1.07734
-0.883418
-1.3763
-0.932074
-0.906159
-1.21571
0.294848
0.250246
1.10065
-1.12281
1.3831
-1.25198
1.44611
1.12875
-0.248568
0.451153
-1.22124
-0.678447
0.011548
1.33226
-0.78706
-0.639054
-0.753389
1.1285
1.8454
-1.14456
-1.07158
-0.873079
1.42262
-1.18756
0.0799474
0.937543
-0.678813
0.926306
-0.751141
-1.5496
-1.08457
-1.18444
-1.27467
1.23447
0.843642
1.345
-0.769894
0.583497
1.29827
-0.666513
1.74509
0.822903
-0.471052
-1.10118
-1.2918
0.702815
-0.549176
-0.00171776
1.04871
-2.26419
0.723074
-1.71279
-0.621129
-0.204334
0.456974
-1.51441
-1.04903
-0.884184
-1.56299
-0.426193
-1.32452
-0.352962
-0.981563
-0.260846
-1.02834
0.457043
-1.39546
-0.796107
-1.21032
-0.514923
-1.32798
-0.928286
-1.19027
0.874413
-0.801428
0.449889
-0.257998
1.00556
-0.777866
0.556918
0.846611
-0.972293
-1.29809
1.90006
-0.428363
-0.831938
0.112664
0.7113
0.536925
-0.00934359
-0.463753
-1.02097
-1.05751
-1.26076
-1.39687
-0.761849
-0.565606
-1.09309
-1.02602
-1.18428
-0.661377
-0.821884
1.19247
-1.0185
-0.91901
0.462583
0.814432
-0.9534
-0.663859
-1.15248
-0.946296
-1.22618
0.255391
-1.39238
-1.21197
-1.01123
-0.785412
0.0832067
1.25343
-0.912029
0.325794
-1.73955
-0.664792
-0.135957
0.63701
-0.69272
-0.667028
-1.74758
-0.89684
1.33243
-1.14052
0.679108
-0.717551
-0.955511
-1.24012
-0.865158
-0.92942
-1.24822
-0.953376
-0.320746
0.322699
0.917664
-1.05884
0.833591
-0.57767
0.575851
-1.02579
0.850997
-0.977314
-0.996542
-0.676801
-1.20017
-0.495254
-0.0834295
1.75787
-0.578401
0.931944
-1.34088
-0.906695
3.21848
-1.06555
1.42412
-1.32336
0.586098
-0.0878191
-1.0279
-0.224203
-1.09934
0.847582
-1.0584
-1.23501
1.90575
-1.23989
0.294797
-1.12147
-0.385772
-0.774291
0.54888
1.07504
-0.95349
1.48581
-0.252853
-1.22398
0.990738
-0.856006
0.258224
0.998807
1.08689
-1.14482
-1.08155
-0.52753
-0.75958
-0.0182684
1.01936
1.1094
-0.773419
0.265923
-0.757362
0.258174
-1.19043
0.271968
-0.273568
0.595926
-1.26725
1.70978
-0.795268
1.31097
-0.268663
-1.03121
0.803499
1.33095
-1.09497
-1.3722
-1.25812
-0.898722
0.634846
-1.06147
-1.12913
1.41019
-1.00567
-0.947619
-0.85369
-0.706975
1.69644
-1.21037
-0.368763
-0.856729
1.11349
-1.07518
-1.17265
0.704751
0.546617
-0.304642
-0.795349
-1.17082
0.847024
-0.838695
1.10119
-1.02899
-0.935042
1.02555
-0.207253
1.05146
2.42509
-0.890882
1.60565
0.0293124
-1.16057
-0.927699
-1.09665
-1.0292
1.46745
-2.12011
-1.18003
-0.759768
-1.17941
-1.47517
-1.12998
-0.467721
-1.01416
0.982201
-1.20787
0.570444
1.19484
-0.450125
-0.711817
-1.0997
1.89896
-0.464319
0.559406
0.316651
-0.958491
-1.14883
1.13089
-1.46743
-1.01468
-0.166424
0.764951
0.941319
-1.21302
1.68245
-0.597751
0.255657
-0.829739
-1.00899
-1.40369
-0.226545
-1.17355
-0.79289
1.53667
-0.979904
-1.10008
-0.715403
-0.471828
-1.10333
-0.869894
-1.30583
0.540329
1.08549
0.601478
0.9704
1.35435
1.03611
-0.530309
-0.543431
0.211629
-1.06152
-1.03149
0.975922
-1.19034
0.832756
-1.00511
-1.35278
0.502435
0.930223
0.522277
0.492845
-0.936305
1.34131
-0.731498
0.35894
-0.698337
-0.907076
-1.32213
-0.21198
0.6155
0.308681
-1.33431
-0.628415
-0.913852
-0.802845
-0.561453
0.414205
0.405977
-0.797106
0.829868
-1.04235
0.118547
-1.06545
-0.0793764
0.213171
-0.681301
-0.836189
0.0137392
0.591706
1.75953
1.77035
-0.798917
1.10665
-0.974857
-1.18864
-0.986539
0.0602374
-1.02068
-1.06933
1.40929
-1.39442
0.00636581
-0.718128
-0.707749
-1.05673
-1.12942
-1.06178
-0.96895
0.0626129
0.592583
-0.890799
-0.847977
-1.25486
-1.53618
-0.373399
0.0271611
0.302181
-0.546601
-1.27396
-0.940755
-1.41957
-0.9115
-1.18265
-0.735254
-0.508191
-1.05556
-0.200648
-1.18608
-1.07557
-0.672723
1.2228
-1.14918
0.613132
-1.01385
-0.55288
0.780892
-1.00924
-0.648572
-1.02068
1.41458
-1.00199
-0.867216
-0.366056
-0.712597
0.889509
-0.993063
1.2859
-0.708149
-1.45758
0.329992
-0.19855
-0.673537
-0.550532
1.8957
-0.434051
-1.22266
0.312046
-0.793612
-1.17842
-1.08654
-1.35838
-1.25594
-1.31837
-0.896922
-0.955446
1.15844
0.813273
-0.00465091
-0.708485
-0.969899
-0.561658
-0.892436
-1.22178
-1.10321
0.558251
-0.699164
-1.00711
-1.03411
-0.626183
-0.258854
-1.13876
-1.10474
-0.689103
-0.999235
-0.0469368
0.726397
1.16631
-0.757877
-1.02465
1.02824
-0.942993
-1.5545
-0.205333
1.38902
-0.624438
-0.767813
-0.488725
-0.919018
0.708451
-1.09155
1.33518
-1.08242
-0.463213
0.0266873
-1.21476
-0.780375
-0.906926
-1.02296
1.30187
-0.672054
0.24688
-1.07196
-0.998626
-1.05979
-0.810872
0.635053
-0.599776
0.872256
0.492662
-0.782556
-1.08462
-0.928555
0.783206
1.13659
-1.54316
-1.19669
-2.00491
-1.59206
-0.901274
-0.972648
-0.97715
0.902246
-0.452014
-0.847453
-1.20446
-1.19789
-0.545179
-1.43196
-0.132926
1.25599
-1.21782
-0.981335
0.698631
-0.861705
-0.727723
-0.892158
-0.839417
0.430197
-0.569681
-1.13861
-1.28399
-0.522026
0.145484
-0.535335
1.66399
-1.00978
-1.79899
-0.43261
-0.166899
-0.751806
2.41844
-1.00421
1.13932
-0.867106
0.178704
1.18798
2.45796
-1.10689
-1.25056
-0.703466
-0.981658
1.59629
-0.833625
-1.30209
-0.0075742
-1.26088
0.317353
0.820088
0.64213
2.30589
-1.23049
-0.531644
-1.12288
0.229678
-1.03557
-0.615512
0.55097
-0.96972
0.0252105
-1.36595
1.2684
-0.690674
1.28094
0.455923
-1.25893
-0.472365
0.803087
-1.06915
-1.07569
-0.757725
-0.265026
-0.751527
-0.463613
-1.24539
1.41421
-0.88623
-1.2681
0.191449
0.800769
1.31036
-1.2977
-0.961665
-0.846542
-1.32317
1.16466
0.602754
-1.70417
-1.21763
-0.830225
1.0338
-1.26313
1.01305
-1.06086
-0.974155
-0.747808
1.35835
-0.414796
-1.16114
0.301374
0.413592
-0.646797
-1.35384
-0.753733
-1.21768
0.533592
-1.12775
-1.35067
-0.72637
-0.978626
-0.874454
-1.00393
-0.0657278
-0.831423
-1.18088
-1.43295
1.60688
0.701164
-1.2696
-0.812148
-1.53628
-1.47395
1.35453
-0.9366
-0.5673
-1.20388
-0.269273
-1.3369
-1.19405
-1.39465
-0.0207911
-1.99654
-0.776847
0.779485
1.13172
1.09433
1.1257
-0.0623588
0.453674
-0.790067
-1.15049
-1.00717
1.33807
-0.944496
-0.672845
2.073
0.679764
-0.0973995
-0.710902
-0.393772
0.0202313
1.0472
-1.31688
1.03981
0.979611
0.396687
-0.697611
-1.09376
-0.847303
-0.89976
-1.17242
-1.11283
0.872623
0.629606
0.664501
-1.10674
-1.25503
0.782433
-0.659639
-0.927848
-0.870977
-0.664107
-1.04535
-1.32649
-1.51886
1.04415
0.652148
-1.20247
1.29114
-0.623453
0.917927
0.0246551
0.868876
1.21663
0.471258
-1.11732
-1.13516
-1.10199
1.46087
1.32495
-1.41764
-0.926135
-0.651181
-1.03747
-0.825222
0.518395
-0.74578
1.10159
-1.0514
-0.806406
0.774564
-0.880278
-0.973749
-1.20901
-2.05341
1.1171
-0.588216
-0.860908
-1.01618
-1.29944
-0.932616
-1.26111
1.22689
-1.03436
1.1186
-0.763745
1.46175
0.621515
0.59379
-0.860826
-0.563949
-1.84083
-0.770175
0.396189
1.60136
-0.893095
-0.874585
-0.933472
1.32273
-0.741176
1.18049
-1.46895
1.44218
-1.30586
-1.37791
-1.0233
0.895835
-1.28753
-1.11238
-1.2889
-1.0507
-0.625315
0.924148
-0.947468
1.82027
-0.980005
1.31077
-0.957116
-1.43794
0.394324
-0.823036
0.118132
-0.114986
-0.755094
-0.858956
1.70983
-0.250878
0.737056
-1.11011
-0.25259
-1.37525
0.454775
-1.06573
1.97064
0.527466
-0.888719
0.113683
-1.16933
1.47155
-1.16996
-1.31007
0.417467
-0.5147
-1.09472
-0.896861
1.07956
-0.972613
-0.831047
-0.647356
0.639524
-0.750802
0.356505
-1.1777
1.03484
-1.21713
0.178412
-0.604255
-0.229115
0.860033
-0.731999
-1.07673
-0.883003
-1.13086
1.14101
-0.575293
1.0983
1.1658
-0.750063
-1.35134
1.2992
-1.69929
1.24228
0.216768
-0.966094
-1.405
1.1737
0.951378
-0.235904
1.39878
0.633401
-1.02067
0.120887
-0.42771
-0.588922
1.01106
-0.817446
-0.434752
-0.949097
-1.12953
-1.04149
0.386464
-0.901651
-0.104662
-1.25334
-1.03208
-0.828682
1.61889
-1.4342
-1.44796
-0.979571
-1.12474
-0.800052
1.1721
-0.196194
-0.632579
-0.95777
1.03425
-1.07763
-1.55223
-0.815868
-1.15129
-1.02916
-1.35204
1.48282
-1.0971
-1.01072
-0.955117
-0.994545
-1.2367
-1.24052
1.05962
-1.78749
-0.859843
-0.848435
-0.938526
-1.09345
0.413011
0.63914
-1.01408
-1.05001
0.0482742
-1.5321
-0.618493
-1.0394
-0.822019
-1.26945
1.67558
-1.25588
0.296355
-0.949747
-0.966218
-0.832743
0.692855
0.374526
-0.787613
0.22945
0.0187604
-0.788107
-1.44037
-0.133777
0.2856
-0.76479
-1.22528
1.92974
1.42132
-0.782766
-1.21066
-1.1217
-1.29839
-0.695577
0.646998
-1.05759
1.34754
1.51247
-0.0918662
-1.26157
-0.874904
-0.976824
0.191366
-0.646036
-1.30865
1.70993
0.463088
0.0663851
0.0468939
-0.840812
-0.856484
0.327306
0.127204
1.25511
-1.39615
-1.12818
-0.696004
1.03421
0.304749
-0.13269
1.26905
-0.381237
-1.27906
0.0945937
-0.323444
-0.966971
-1.29125
-0.124834
-0.715888
-1.03344
1.7443
-0.574675
-0.677584
1.50033
-1.31479
-0.518097
-0.184932
0.027768
0.439787
-1.58557
2.36571
-0.137813
-0.849931
-1.27655
-1.08523
-0.672218
1.25162
0.44865
-0.454166
-1.09203
-0.294246
-0.0830686
-0.951634
-1.27492
0.564844
-1.67739
-1.10621
-0.828256
-0.782291
-0.577739
-0.802448
0.246451
-1.21963
-0.684521
-1.05871
0.526266
1.03485
-0.938287
-1.36398
-1.24955
-0.637541
-1.4265
-0.77911
-0.428723
0.833735
-1.10679
-0.492265
-0.623403
-1.33756
-1.05182
0.477167
-1.07816
-0.804697
-0.904873
-0.741721
0.465678
1.36767
-1.29967
-1.36398
-0.500546
-0.277169
-0.924154
1.1481
-0.0884738
-0.728701
-0.863855
-1.93365
2.03412
-0.922356
-1.28087
0.882729
-0.589627
-0.439915
0.236519
-0.618914
-0.732473
-1.57864
1.23286
-0.837399
-0.567044
-1.38669
-0.945796
-0.977128
-1.1071
0.1279
0.237869
-1.14352
-1.05206
-1.24557
-0.875324
-0.291105
-1.07475
2.30766
-1.10083
-0.737552
-0.696495
0.751616
-1.25817
-1.41396
-0.965303
0.964818
0.368807
-0.488302
-1.54503
0.712968
-0.882977
-1.18719
-1.08716
0.72656
-0.660933
0.827205
-0.546307
-0.828786
1.96728
0.452004
1.18535
-0.850391
0.835238
0.991101
-0.980949
0.612771
0.751854
-0.504609
-0.97097
-0.82913
-0.889904
-0.100744
-1.08212
-0.0927113
1.02657
-1.22404
-0.675022
-0.783074
-1.16025
-0.96651
1.01227
-0.339321
-0.298947
0.966673
-1.16867
-0.17719
-0.84127
-0.360887
-0.335188
-0.476604
-1.49889
-0.838312
-1.23877
1.33694
1.52908
-1.4468
0.664517
-0.798535
-0.454448
-0.855222
-1.10753
-1.06937
-1.75259
-0.970704
-1.04972
-1.14792
-0.693464
-0.691302
-0.529179
1.77821
1.25413
1.5229
-0.91432
-0.628535
0.221164
-0.710308
-1.30551
1.14077
-0.8585
-1.09717
-1.098
1.97313
1.74064
0.516295
-0.903826
0.105488
-0.831591
-1.30346
0.518313
0.0306685
0.081235
-0.824187
-0.118635
-0.88188
0.0223422
-1.13577
-1.37799
0.676647
0.271405
1.00841
0.474868
-0.754906
-0.366786
-0.230477
0.923015
0.917383
0.87983
1.01655
-0.9941
1.42422
-1.25901
-1.21745
-1.26624
1.36619
-1.02367
-1.45365
-0.823348
-1.46027
-1.07203
-0.820992
-0.676634
-0.316259
-0.885296
1.27557
0.826723
-1.50129
1.16431
2.03845
2.80843
-0.580458
-0.909825
1.19328
0.930857
-1.15603
-0.868297
1.88741
-1.25364
0.590264
-1.73885
-1.13981
-1.0629
-1.03736
-0.455027
-1.13077
1.40544
-0.876956
-1.22534
0.729725
-1.1858
0.913077
-1.05166
0.929809
-0.920759
-1.10467
-1.23662
-0.895385
-1.06437
1.59749
-1.36039
-1.16792
0.93891
1.49921
0.32674
0.137778
-1.10194
2.18578
-0.901093
0.131794
-1.09768
1.86727
-0.727292
-1.21472
-0.782852
-1.064
-0.231201
-0.989164
-1.2183
-0.77892
1.42683
1.72221
-1.11908
1.40484
-1.19448
-0.928469
-0.729688
0.622194
-1.29363
-1.14869
-1.09502
-0.331672
-1.50651
1.18808
-1.07779
