0.24856890 
0.22257348 
0.11112763 
0.95628639 
0.98463531 
0.77866314 
0.78128178 
0.05299889 
0.18863945 
0.60333176 
0.59610714 
0.75500836 
0.15058244 
0.34447710 
0.98847604 
0.26621219 
0.89958089 
0.74995262 
0.41295089 
0.26512361 
0.33106136 
0.29567548 
0.66588028 
0.41082114 
0.90219361 
0.92324799 
0.01689178 
0.55506568 
0.60541059 
0.75378743 
0.65027305 
0.16887931 
0.14105855 
0.06315739 
0.16650583 
0.76787535 
0.30802692 
0.98477563 
0.32481996 
0.86978490 
0.48934664 
0.86852530 
0.68695152 
0.38694633 
0.67417966 
0.55192771 
0.23378341 
0.52319297 
0.49156192 
0.75375318 
0.95051358 
0.05117269 
0.57137569 
0.86370459 
0.19455473 
0.56157584 
0.63683955 
0.17611803 
0.50645548 
0.43629342 
0.64320262 
0.96899640 
0.78023862 
0.04217259 
0.76133103 
0.18068352 
0.51645608 
0.69889841 
0.43465427 
0.49677392 
0.00811711 
0.27751889 
0.72231315 
0.67905471 
0.23571839 
0.50869568 
0.99125305 
0.67509178 
0.88896953 
0.70565304 
0.29852652 
0.09778972 
0.54166221 
0.63829490 
0.29756238 
0.87175975 
0.06327802 
0.61149011 
0.59617776 
0.71152525 
0.98569495 
0.28600862 
0.83716105 
0.25097164 
0.55784637 
0.43118542 
0.70167787 
0.46565475 
0.70009589 
0.24442131 
0.34662871 
0.81299251 
0.02431173 
0.57003165 
0.71609721 
0.90159769 
0.20766449 
0.91654895 
0.52833486 
0.61314904 
0.24392195 
0.60643358 
0.63080940 
0.45453587 
0.04833415 
0.66354359 
0.15617622 
0.51466541 
0.10889749 
0.06124537 
0.83112808 
0.24267731 
0.89954517 
0.34092693 
0.64222174 
0.88261436 
0.53580821 
0.72323750 
0.00185678 
0.65017064 
0.12945182 
0.14476635 
0.30790760 
0.19875104 
0.15994586 
0.33879665 
0.22299428 
0.41956857 
0.23784446 
0.81165864 
0.44287390 
0.86173836 
0.97239964 
0.41807273 
0.13058513 
0.87026338 
0.73136087 
0.36171483 
0.78412874 
0.16566980 
0.57628506 
0.06122744 
0.05853742 
0.69385324 
0.42062390 
0.22573579 
0.82173552 
0.63710451 
0.69551094 
0.38394154 
0.51366533 
0.70970850 
0.85274306 
0.73082084 
0.61936299 
0.38720146 
0.42297953 
0.09590667 
0.90512012 
0.54646378 
0.23639569 
0.28023320 
0.50546317 
0.59823988 
0.18949436 
0.25736812 
0.33321382 
0.05135558 
0.98804774 
0.97313706 
0.60709872 
0.71958947 
0.06573782 
0.40378462 
0.32405885 
0.23312280 
0.19276699 
0.43927859 
0.91621125 
0.61276106 
0.90924168 
0.02574040 
0.56995909 
0.86547876 
0.76945710 
0.87069685 
0.71225862 
0.22210161 
0.60306017 
0.26368327 
0.88373052 
0.64913892 
0.22867580 
0.80846938 
0.20022098 
0.62422068 
0.53542295 
0.15074470 
0.05438934 
0.14160037 
0.85898849 
0.43068505 
0.37449371 
0.92390886 
0.62700775 
0.66400333 
0.05745105 
0.83418997 
0.77524509 
0.93978991 
0.23585067 
0.22137091 
0.92195551 
0.59105224 
0.04456907 
0.61889700 
0.76283911 
0.68166700 
0.28735959 
0.44722473 
0.82330655 
0.35753765 
0.50853520 
0.76297555 
0.09976516 
0.55376719 
0.94523876 
0.91123971 
0.63612574 
0.01498728 
0.87443508 
0.19623888 
0.65655784 
0.56222057 
0.23517308 
0.42834211 
0.56119429 
0.03557055 
0.81141700 
0.95509494 
0.66420164 
0.20487793 
0.41560448 
0.63988484 
0.31543152 
0.76084042 
0.52832247 
0.69878082 
0.74035413 
0.20855181 
0.20161386 
0.99920922 
0.02080464 
0.34250016 
0.95790735 
0.74550969 
0.66763652 
0.57296503 
0.83909244 
0.52127997 
0.77030067 
0.48248251 
0.64160066 
0.87864167 
0.39792307 
0.99715112 
0.63939257 
0.65950871 
0.10091788 
0.73941861 
0.00611142 
0.59404010 
0.04265791 
0.90648875 
0.44893670 
0.31133127 
0.79839876 
0.76256015 
0.41491522 
0.99288387 
0.43692868 
0.99876420 
0.75060755 
0.40249562 
0.94721204 
0.66772110 
0.26724271 
0.07051970 
0.40289195 
0.44792527 
0.27487937 
0.36549443 
0.04628588 
0.13056984 
0.49065464 
0.63003747 
0.80297983 
0.85643822 
0.17663364 
0.20594445 
0.11323870 
0.41324310 
0.90366840 
0.61355848 
0.27500130 
0.35129716 
0.74016588 
0.37117713 
0.28758173 
0.07593009 
0.53644912 
0.21817507 
0.62571278 
0.74328606 
0.46653218 
0.42462866 
0.64250627 
0.00234407 
0.35698820 
0.96217147 
0.01918015 
0.09793227 
0.80735496 
0.12609225 
0.82327748 
0.53022969 
0.77551763 
0.74870283 
0.95782615 
0.97905216 
0.50343767 
0.75788552 
0.51667190 
0.69343463 
0.05956240 
0.66574398 
0.72114177 
0.59830982 
0.43351928 
0.67685733 
0.63317529 
0.23243928 
0.58718378 
0.55975405 
0.06040931 
0.48588519 
0.42837311 
0.44087585 
0.58859529 
0.34677636 
0.66609479 
0.01779949 
0.52734605 
0.17343894 
0.60228427 
0.32255903 
0.01549020 
0.42354298 
0.44221532 
0.48851916 
0.41765885 
0.06436910 
0.08384999 
0.97281580 
0.13853778 
0.04122775 
0.65194450 
0.36637246 
0.36065442 
0.08811574 
0.34005714 
0.25990286 
0.72465862 
0.86374623 
0.19278362 
0.83354368 
0.44561480 
0.14296297 
0.99617243 
0.44358368 
0.01057236 
0.76791813 
0.27586911 
0.84865054 
0.91354257 
0.37882622 
0.85632241 
0.22579282 
0.27020573 
0.35447096 
0.10532558 
0.35564940 
0.19382938 
0.23359891 
0.24945035 
0.67317287 
0.22671821 
0.95155488 
0.43016731 
0.90702707 
0.51870484 
0.37747690 
0.67086534 
0.83436394 
0.81732974 
0.19775753 
0.20090292 
0.18576581 
0.66770588 
0.65688105 
0.76191573 
0.93085223 
0.04870321 
0.42029090 
0.00157938 
0.65736506 
0.18453703 
0.99273160 
0.18077893 
0.88433591 
0.66436923 
0.63551298 
0.24956496 
0.30943430 
0.30019704 
0.77478605 
0.46833693 
0.01866305 
0.21476970 
0.26983750 
0.38818246 
0.57300153 
0.60741910 
0.09022563 
0.77890044 
0.34822829 
0.95417587 
0.73496476 
0.82089067 
0.96273330 
0.10400854 
0.49768421 
0.84224239 
0.18951640 
0.26960483 
0.86955097 
0.39122572 
0.74049422 
0.81720173 
0.51877336 
0.23471711 
0.11334315 
0.20111721 
0.74252609 
0.24454391 
0.87948086 
0.99924544 
0.19652337 
0.31373040 
0.65809153 
0.17356710 
0.47865458 
0.99190731 
0.55569529 
0.69398590 
0.10412872 
0.48377148 
0.28706687 
0.93667832 
0.32573275 
0.73122090 
0.60068192 
0.88355911 
0.20972408 
0.67222856 
0.40052878 
0.78405601 
0.62140665 
0.22247877 
0.88911653 
0.25744200 
0.90552663 
0.53024136 
0.63946576 
0.41021186 
0.56203380 
0.62517987 
0.98726199 
0.27164977 
0.98143139 
0.71760548 
0.92211690 
0.38726815 
0.48602774 
0.96917851 
0.58377878 
0.36779454 
0.17863563 
0.22600312 
0.11460100 
0.33566719 
0.30612226 
0.75954072 
0.79560367 
0.36367895 
0.70114778 
0.26696576 
0.75956831 
0.32011237 
0.38060562 
0.29813007 
0.51921792 
0.09763143 
0.75970306 
0.00926277 
0.38221922 
0.39589793 
0.51407763 
0.59867765 
0.56440005 
0.18167564 
0.63218062 
0.78951886 
0.03798666 
0.53773041 
0.43306929 
0.12939682 
0.06526711 
0.37365385 
0.63167475 
0.40256126 
0.84749318 
0.14506874 
0.89142261 
0.99546254 
0.81871342 
0.54574367 
0.56593627 
0.14797202 
0.90075185 
0.18823017 
0.71494004 
0.99701947 
0.48735677 
0.47114576 
0.36523260 
0.79683322 
0.96264350 
0.70244529 
0.75886963 
0.67242205 
0.74162471 
0.99157441 
0.29506729 
0.23807340 
0.18997654 
0.21630433 
0.69738622 
0.78493806 
0.84005973 
0.46996519 
0.02843407 
0.65440991 
0.32860917 
0.28833545 
0.27632026 
0.73480631 
0.52222547 
0.41107528 
0.06498796 
0.99647756 
0.38220978 
0.88390056 
0.00310854 
0.02410193 
0.37478619 
0.12838555 
0.58062645 
0.30648360 
0.91564163 
0.97549059 
0.10789325 
0.68399475 
0.43204439 
0.61161071 
0.01282707 
0.89019332 
0.17542601 
0.94181055 
0.29665599 
0.26174408 
0.02142969 
0.49507840 
0.09917963 
0.08993966 
0.60300114 
0.46281209 
0.95107289 
0.50581449 
0.78384379 
0.83888104 
0.55385836 
0.67561968 
0.86541497 
0.86383871 
0.61780427 
0.80786241 
0.72094716 
0.91562156 
0.60425546 
0.07426707 
0.73253235 
0.19873759 
0.03362081 
0.87740106 
0.18222127 
0.50317240 
0.13272267 
0.43917483 
0.00331772 
0.51939958 
0.37367961 
0.91472485 
0.91314840 
0.50193791 
0.03128458 
0.10023531 
0.44796889 
0.06442735 
0.04574700 
0.84163877 
0.37486227 
0.41577897 
0.19821948 
0.87571066 
0.67959438 
0.78334063 
0.70135213 
0.86984570 
0.61540722 
0.87977579 
0.27108235 
0.04792889 
0.66964706 
0.81569848 
0.71674516 
0.80839682 
0.40719631 
0.63815654 
0.07358756 
0.38659827 
0.03932181 
0.22258738 
0.92767989 
0.13190358 
0.23308897 
0.28328751 
0.68738236 
0.89277352 
0.89467696 
0.57447525 
0.92537172 
0.75823668 
0.32814078 
0.30964260 
0.53727075 
0.72764649 
0.84352684 
0.89238996 
0.90393376 
0.53749818 
0.61913278 
0.33770733 
0.82241781 
0.74187391 
0.28535803 
0.26175905 
0.04093365 
0.70062054 
0.65115983 
0.85029521 
0.03743049 
0.44290325 
0.39549742 
0.26425828 
0.11575046 
0.76896728 
0.94470699 
0.83901239 
0.95163765 
0.09960790 
0.06679357 
0.19165085 
0.37894467 
0.87208215 
0.60285118 
0.97836007 
0.01464004 
0.76265677 
0.92832466 
0.65001127 
0.44630596 
0.60206789 
0.32015120 
0.32675963 
0.01402784 
0.88752025 
0.70349733 
0.60838489 
0.12315184 
0.64199821 
0.77798100 
0.61044975 
0.06359261 
0.93487375 
0.72055985 
0.37756313 
0.54426751 
0.41833111 
0.29312578 
0.98764737 
0.49792239 
0.70365849 
0.97187723 
0.10479582 
0.76245623 
0.14369144 
0.62972788 
0.34219136 
0.31236945 
0.08305420 
0.27678673 
0.53059057 
0.41131143 
0.65097041 
0.01346336 
0.67369462 
0.28771441 
0.37967561 
0.91454958 
0.09985905 
0.42237127 
0.53271646 
0.96064554 
0.92389618 
0.82625170 
0.23879057 
0.32695977 
0.46617635 
0.02152034 
0.53875706 
0.55951208 
0.69993097 
0.82933851 
0.38926045 
0.41176579 
0.41992007 
0.19670653 
0.69992149 
0.32849819 
0.26955964 
0.49492924 
0.41676209 
0.41892366 
0.17256410 
0.56015847 
0.17859052 
0.61822156 
0.85295648 
0.50571028 
0.58485456 
0.39128183 
0.05398352 
0.26891497 
0.03659359 
0.33856186 
0.81627446 
0.44931077 
0.53770429 
0.49903279 
0.68934562 
0.09490425 
0.68408161 
0.60111042 
0.12545780 
0.54543579 
0.10024382 
0.17233858 
0.45115903 
0.77188367 
0.48558857 
0.93848577 
0.17836095 
0.81901481 
0.16058836 
0.30131987 
0.40821912 
0.97849438 
0.45980625 
0.00779030 
0.83076012 
0.73217727 
0.39258293 
0.96274144 
0.69982801 
0.83802580 
0.09931860 
0.17557861 
0.85236797 
0.45740632 
0.19312530 
0.19129074 
0.40668366 
0.23434228 
0.37143773 
0.29257498 
0.23853093 
0.44175244 
0.67588482 
0.16106992 
0.24156549 
0.73966365 
0.45830408 
0.50605899 
0.25356544 
0.40708136 
0.68484342 
0.22547607 
0.42346163 
0.69225227 
0.90244035 
0.26061991 
0.92866927 
0.38350830 
0.51978296 
0.81166113 
0.85117855 
0.87527057 
0.19724566 
0.25193488 
0.23038975 
0.66858292 
0.74419916 
0.91501583 
0.15324624 
0.85331142 
0.50644138 
0.51309102 
0.64168467 
0.57194240 
0.90577346 
0.30123346 
0.65899174 
0.71229435 
0.96829667 
0.36360635 
0.60223298 
0.18243919 
0.31560337 
0.00733314 
0.88229714 
0.77778227 
0.48719850 
0.20871390 
0.15639603 
0.82199696 
0.83901783 
0.24586723 
0.80147484 
0.34911435 
0.72882708 
0.84738876 
0.00413733 
0.52613705 
0.11339602 
0.98420852 
0.86002314 
0.43783403 
0.91381622 
0.08881613 
0.93548000 
0.57090887 
0.63718316 
0.51452461 
0.49569327 
0.10195050 
0.13871105 
0.14941232 
0.38092623 
0.90783856 
0.14665515 
0.83613547 
0.08195274 
0.61438967 
0.54678979 
0.54519732 
0.49451685 
0.03339800 
0.35528612 
0.08490414 
0.13950032 
0.21864969 
0.35460182 
0.02482000 
0.08768157 
0.31345576 
0.30207146 
0.17802186 
0.87107022 
0.21733739 
0.43921741 
0.74962876 
0.12233044 
0.70180642 
0.07523915 
0.47471414 
0.95463568 
0.66396666 
0.69477318 
0.43971806 
0.46896626 
0.81844485 
0.97336563 
0.80601879 
0.61513751 
0.74022222 
0.67574321 
0.51626015 
0.94083421 
0.41552282 
0.77111342 
0.02037232 
0.64097620 
0.61361918 
0.65919370 
0.85733624 
0.67987570 
0.87845365 
0.65573839 
0.07216580 
0.55501211 
0.03605865 
0.08966578 
0.27744200 
0.42857150 
0.20307284 
0.68115739 
0.30510424 
0.48942561 
0.35034661 
0.83220628 
0.27735486 
0.77545998 
0.74046946 
0.82406861 
0.15864361 
0.76953456 
0.84942058 
0.22120058 
0.97166227 
0.40981103 
0.11924454 
0.15859846 
0.13517286 
0.27233336 
0.93482285 
0.62579780 
0.16290965 
0.62247137 
0.26477998 
0.02877784 
0.11004934 
0.24530994 
0.23579080 
0.81049857 
0.87531773 
0.92700542 
0.89187819 
0.43706777 
0.85006392 
0.23005178 
0.81850719 
0.95206248 
0.51808251 
0.29094731 
0.61540675 
0.90715572 
0.56275071 
0.32543561 
0.80560000 
